            angle	Ex=2.938(p:Menet,d:DCV)	Ex=2.938(p:KD,d:DCV)	Ex=2.938(p:Varmar,d:DCV)	Ex=2.938(p:BG,d:DCV(re))	Ex=2.938(p:Menet,d:LH)	Ex=2.938(p:Menet,d:DCV(nonREL))	Ex=2.938(p:Menet,d:AC)	Ex=2.938(p:Menet,d:Custom)	
             5.00	         0.498930	         0.510090	         0.461090	         0.398640	         0.517590	         0.496220	         0.532580	         0.411450	
             5.10	         0.497690	         0.509360	         0.460420	         0.398110	         0.516230	         0.494950	         0.531340	         0.410730	
             5.20	         0.496470	         0.508660	         0.459780	         0.397610	         0.514880	         0.493700	         0.530120	         0.410030	
             5.30	         0.495280	         0.507990	         0.459180	         0.397150	         0.513560	         0.492470	         0.528930	         0.409330	
             5.40	         0.494110	         0.507360	         0.458620	         0.396740	         0.512240	         0.491270	         0.527760	         0.408660	
             5.50	         0.492980	         0.506770	         0.458090	         0.396360	         0.510950	         0.490100	         0.526630	         0.408000	
             5.60	         0.491880	         0.506230	         0.457610	         0.396040	         0.509680	         0.488970	         0.525530	         0.407360	
             5.70	         0.490810	         0.505720	         0.457180	         0.395750	         0.508430	         0.487860	         0.524470	         0.406740	
             5.80	         0.489780	         0.505270	         0.456790	         0.395520	         0.507210	         0.486800	         0.523440	         0.406140	
             5.90	         0.488790	         0.504870	         0.456460	         0.395340	         0.506020	         0.485770	         0.522450	         0.405560	
             6.00	         0.487840	         0.504510	         0.456170	         0.395210	         0.504850	         0.484780	         0.521500	         0.405010	
             6.10	         0.486940	         0.504210	         0.455940	         0.395140	         0.503720	         0.483840	         0.520600	         0.404480	
             6.20	         0.486080	         0.503970	         0.455770	         0.395130	         0.502620	         0.482950	         0.519750	         0.403980	
             6.30	         0.485270	         0.503790	         0.455650	         0.395180	         0.501560	         0.482100	         0.518940	         0.403500	
             6.40	         0.484520	         0.503670	         0.455600	         0.395300	         0.500530	         0.481310	         0.518190	         0.403060	
             6.50	         0.483820	         0.503610	         0.455610	         0.395470	         0.499540	         0.480570	         0.517490	         0.402640	
             6.60	         0.483170	         0.503620	         0.455690	         0.395720	         0.498600	         0.479880	         0.516840	         0.402260	
             6.70	         0.482590	         0.503700	         0.455830	         0.396030	         0.497700	         0.479250	         0.516260	         0.401910	
             6.80	         0.482060	         0.503840	         0.456050	         0.396420	         0.496840	         0.478680	         0.515740	         0.401590	
             6.90	         0.481600	         0.504060	         0.456330	         0.396880	         0.496030	         0.478180	         0.515280	         0.401310	
             7.00	         0.481210	         0.504360	         0.456700	         0.397420	         0.495270	         0.477740	         0.514880	         0.401060	
             7.10	         0.480880	         0.504730	         0.457140	         0.398040	         0.494560	         0.477370	         0.514550	         0.400850	
             7.20	         0.480620	         0.505180	         0.457650	         0.398730	         0.493900	         0.477060	         0.514290	         0.400680	
             7.30	         0.480430	         0.505720	         0.458250	         0.399510	         0.493300	         0.476830	         0.514110	         0.400550	
             7.40	         0.480320	         0.506330	         0.458940	         0.400380	         0.492750	         0.476670	         0.514000	         0.400460	
             7.50	         0.480290	         0.507040	         0.459710	         0.401330	         0.492260	         0.476590	         0.513960	         0.400410	
             7.60	         0.480330	         0.507830	         0.460560	         0.402370	         0.491840	         0.476580	         0.514000	         0.400400	
             7.70	         0.480450	         0.508710	         0.461510	         0.403500	         0.491470	         0.476660	         0.514130	         0.400440	
             7.80	         0.480660	         0.509680	         0.462540	         0.404720	         0.491160	         0.476810	         0.514330	         0.400520	
             7.90	         0.480950	         0.510740	         0.463670	         0.406030	         0.490920	         0.477050	         0.514620	         0.400650	
             8.00	         0.481330	         0.511900	         0.464900	         0.407450	         0.490750	         0.477380	         0.515000	         0.400830	
             8.10	         0.481790	         0.513160	         0.466220	         0.408960	         0.490640	         0.477790	         0.515460	         0.401050	
             8.20	         0.482350	         0.514520	         0.467640	         0.410570	         0.490610	         0.478300	         0.516020	         0.401320	
             8.30	         0.483000	         0.515980	         0.469150	         0.412280	         0.490640	         0.478890	         0.516660	         0.401640	
             8.40	         0.483740	         0.517540	         0.470780	         0.414090	         0.490750	         0.479580	         0.517400	         0.402010	
             8.50	         0.484570	         0.519210	         0.472500	         0.416010	         0.490930	         0.480360	         0.518240	         0.402430	
             8.60	         0.485510	         0.520980	         0.474330	         0.418030	         0.491180	         0.481240	         0.519170	         0.402900	
             8.70	         0.486540	         0.522860	         0.476270	         0.420160	         0.491510	         0.482220	         0.520200	         0.403430	
             8.80	         0.487680	         0.524850	         0.478310	         0.422400	         0.491920	         0.483300	         0.521330	         0.404010	
             8.90	         0.488910	         0.526950	         0.480470	         0.424750	         0.492410	         0.484480	         0.522560	         0.404640	
             9.00	         0.490250	         0.529160	         0.482730	         0.427220	         0.492980	         0.485760	         0.523900	         0.405320	
             9.10	         0.491700	         0.531480	         0.485110	         0.429790	         0.493620	         0.487140	         0.525340	         0.406060	
             9.20	         0.493250	         0.533920	         0.487600	         0.432480	         0.494350	         0.488630	         0.526890	         0.406860	
             9.30	         0.494900	         0.536480	         0.490210	         0.435290	         0.495170	         0.490230	         0.528540	         0.407710	
             9.40	         0.496670	         0.539150	         0.492930	         0.438210	         0.496060	         0.491940	         0.530300	         0.408620	
             9.50	         0.498550	         0.541940	         0.495770	         0.441250	         0.497050	         0.493750	         0.532170	         0.409590	
             9.60	         0.500540	         0.544850	         0.498730	         0.444400	         0.498110	         0.495680	         0.534150	         0.410610	
             9.70	         0.502640	         0.547890	         0.501800	         0.447680	         0.499270	         0.497720	         0.536250	         0.411690	
             9.80	         0.504850	         0.551040	         0.505000	         0.451080	         0.500510	         0.499870	         0.538450	         0.412820	
             9.90	         0.507180	         0.554310	         0.508310	         0.454600	         0.501840	         0.502130	         0.540770	         0.414020	
            10.00	         0.509620	         0.557710	         0.511750	         0.458240	         0.503260	         0.504510	         0.543210	         0.415270	
            10.10	         0.512180	         0.561230	         0.515310	         0.462000	         0.504770	         0.507000	         0.545760	         0.416590	
            10.20	         0.514850	         0.564880	         0.519000	         0.465890	         0.506370	         0.509610	         0.548420	         0.417960	
            10.30	         0.517650	         0.568650	         0.522800	         0.469900	         0.508060	         0.512340	         0.551210	         0.419390	
            10.40	         0.520560	         0.572550	         0.526740	         0.474030	         0.509840	         0.515180	         0.554110	         0.420870	
            10.50	         0.523590	         0.576570	         0.530790	         0.478290	         0.511710	         0.518140	         0.557130	         0.422420	
            10.60	         0.526740	         0.580720	         0.534970	         0.482670	         0.513670	         0.521220	         0.560270	         0.424030	
            10.70	         0.530010	         0.585000	         0.539280	         0.487180	         0.515730	         0.524420	         0.563520	         0.425690	
            10.80	         0.533390	         0.589400	         0.543710	         0.491820	         0.517870	         0.527740	         0.566900	         0.427410	
            10.90	         0.536900	         0.593940	         0.548270	         0.496580	         0.520110	         0.531180	         0.570400	         0.429190	
            11.00	         0.540530	         0.598600	         0.552950	         0.501470	         0.522450	         0.534740	         0.574010	         0.431030	
            11.10	         0.544280	         0.603380	         0.557760	         0.506480	         0.524870	         0.538410	         0.577750	         0.432930	
            11.20	         0.548160	         0.608300	         0.562700	         0.511620	         0.527390	         0.542210	         0.581610	         0.434890	
            11.30	         0.552150	         0.613350	         0.567760	         0.516880	         0.530000	         0.546130	         0.585580	         0.436900	
            11.40	         0.556260	         0.618520	         0.572950	         0.522270	         0.532700	         0.550170	         0.589680	         0.438970	
            11.50	         0.560500	         0.623820	         0.578260	         0.527790	         0.535490	         0.554330	         0.593900	         0.441100	
            11.60	         0.564850	         0.629240	         0.583700	         0.533430	         0.538380	         0.558610	         0.598230	         0.443280	
            11.70	         0.569330	         0.634800	         0.589260	         0.539190	         0.541360	         0.563010	         0.602690	         0.445520	
            11.80	         0.573920	         0.640480	         0.594950	         0.545080	         0.544420	         0.567530	         0.607270	         0.447810	
            11.90	         0.578640	         0.646280	         0.600760	         0.551090	         0.547580	         0.572160	         0.611960	         0.450160	
            12.00	         0.583470	         0.652210	         0.606700	         0.557230	         0.550830	         0.576920	         0.616780	         0.452560	
            12.10	         0.588420	         0.658270	         0.612760	         0.563490	         0.554170	         0.581790	         0.621710	         0.455020	
            12.20	         0.593500	         0.664450	         0.618940	         0.569870	         0.557600	         0.586790	         0.626760	         0.457530	
            12.30	         0.598690	         0.670760	         0.625240	         0.576370	         0.561120	         0.591900	         0.631930	         0.460090	
            12.40	         0.603990	         0.677180	         0.631660	         0.582990	         0.564720	         0.597120	         0.637210	         0.462700	
            12.50	         0.609420	         0.683730	         0.638200	         0.589730	         0.568420	         0.602460	         0.642610	         0.465360	
            12.60	         0.614950	         0.690400	         0.644860	         0.596590	         0.572200	         0.607920	         0.648120	         0.468080	
            12.70	         0.620610	         0.697190	         0.651640	         0.603560	         0.576060	         0.613490	         0.653740	         0.470840	
            12.80	         0.626370	         0.704100	         0.658530	         0.610650	         0.580010	         0.619170	         0.659480	         0.473650	
            12.90	         0.632250	         0.711130	         0.665540	         0.617860	         0.584040	         0.624970	         0.665330	         0.476500	
            13.00	         0.638240	         0.718270	         0.672670	         0.625180	         0.588160	         0.630870	         0.671290	         0.479410	
            13.10	         0.644340	         0.725530	         0.679900	         0.632610	         0.592350	         0.636890	         0.677360	         0.482350	
            13.20	         0.650550	         0.732900	         0.687250	         0.640150	         0.596630	         0.643010	         0.683540	         0.485340	
            13.30	         0.656870	         0.740390	         0.694710	         0.647800	         0.600980	         0.649240	         0.689830	         0.488380	
            13.40	         0.663290	         0.747980	         0.702280	         0.655560	         0.605420	         0.655580	         0.696220	         0.491450	
            13.50	         0.669820	         0.755690	         0.709950	         0.663430	         0.609930	         0.662020	         0.702710	         0.494570	
            13.60	         0.676450	         0.763500	         0.717730	         0.671400	         0.614510	         0.668560	         0.709310	         0.497730	
            13.70	         0.683190	         0.771420	         0.725610	         0.679470	         0.619170	         0.675210	         0.716010	         0.500920	
            13.80	         0.690020	         0.779450	         0.733600	         0.687650	         0.623900	         0.681950	         0.722800	         0.504150	
            13.90	         0.696960	         0.787570	         0.741680	         0.695920	         0.628710	         0.688800	         0.729700	         0.507420	
            14.00	         0.703990	         0.795800	         0.749870	         0.704290	         0.633580	         0.695740	         0.736690	         0.510720	
            14.10	         0.711110	         0.804130	         0.758150	         0.712760	         0.638520	         0.702770	         0.743770	         0.514060	
            14.20	         0.718330	         0.812550	         0.766520	         0.721320	         0.643530	         0.709900	         0.750950	         0.517420	
            14.30	         0.725650	         0.821070	         0.774990	         0.729970	         0.648600	         0.717120	         0.758220	         0.520820	
            14.40	         0.733050	         0.829680	         0.783540	         0.738710	         0.653730	         0.724430	         0.765580	         0.524240	
            14.50	         0.740530	         0.838380	         0.792190	         0.747540	         0.658930	         0.731820	         0.773020	         0.527700	
            14.60	         0.748110	         0.847170	         0.800920	         0.756450	         0.664190	         0.739300	         0.780550	         0.531180	
            14.70	         0.755770	         0.856050	         0.809740	         0.765450	         0.669500	         0.746860	         0.788160	         0.534680	
            14.80	         0.763510	         0.865010	         0.818640	         0.774530	         0.674870	         0.754510	         0.795850	         0.538210	
            14.90	         0.771330	         0.874050	         0.827610	         0.783690	         0.680290	         0.762230	         0.803610	         0.541760	
            15.00	         0.779220	         0.883170	         0.836670	         0.792920	         0.685770	         0.770030	         0.811460	         0.545330	
            15.10	         0.787200	         0.892370	         0.845790	         0.802220	         0.691290	         0.777910	         0.819380	         0.548920	
            15.20	         0.795240	         0.901650	         0.855000	         0.811600	         0.696860	         0.785850	         0.827370	         0.552520	
            15.30	         0.803350	         0.910990	         0.864270	         0.821050	         0.702480	         0.793870	         0.835430	         0.556140	
            15.40	         0.811540	         0.920410	         0.873600	         0.830560	         0.708150	         0.801960	         0.843550	         0.559780	
            15.50	         0.819790	         0.929890	         0.883000	         0.840130	         0.713850	         0.810100	         0.851740	         0.563420	
            15.60	         0.828100	         0.939440	         0.892470	         0.849770	         0.719600	         0.818320	         0.859990	         0.567080	
            15.70	         0.836470	         0.949050	         0.901990	         0.859460	         0.725380	         0.826590	         0.868300	         0.570750	
            15.80	         0.844900	         0.958720	         0.911580	         0.869220	         0.731200	         0.834920	         0.876670	         0.574420	
            15.90	         0.853380	         0.968440	         0.921200	         0.879010	         0.737050	         0.843300	         0.885090	         0.578100	
            16.00	         0.861920	         0.978220	         0.930890	         0.888870	         0.742930	         0.851740	         0.893560	         0.581780	
            16.10	         0.870510	         0.988050	         0.940620	         0.898770	         0.748840	         0.860220	         0.902080	         0.585470	
            16.20	         0.879140	         0.997930	         0.950400	         0.908710	         0.754780	         0.868760	         0.910650	         0.589150	
            16.30	         0.887830	         1.007800	         0.960220	         0.918700	         0.760740	         0.877340	         0.919260	         0.592840	
            16.40	         0.896550	         1.017800	         0.970080	         0.928720	         0.766730	         0.885960	         0.927910	         0.596520	
            16.50	         0.905310	         1.027800	         0.979980	         0.938780	         0.772730	         0.894610	         0.936600	         0.600200	
            16.60	         0.914110	         1.037900	         0.989910	         0.948870	         0.778760	         0.903310	         0.945330	         0.603870	
            16.70	         0.922940	         1.047900	         0.999880	         0.959000	         0.784790	         0.912040	         0.954080	         0.607540	
            16.80	         0.931810	         1.058000	         1.009900	         0.969150	         0.790840	         0.920800	         0.962870	         0.611190	
            16.90	         0.940700	         1.068200	         1.019900	         0.979320	         0.796900	         0.929580	         0.971680	         0.614830	
            17.00	         0.949610	         1.078300	         1.029900	         0.989510	         0.802970	         0.938400	         0.980520	         0.618460	
            17.10	         0.958550	         1.088500	         1.040000	         0.999730	         0.809040	         0.947230	         0.989380	         0.622080	
            17.20	         0.967510	         1.098700	         1.050000	         1.010000	         0.815120	         0.956080	         0.998250	         0.625680	
            17.30	         0.976490	         1.108900	         1.060100	         1.020200	         0.821200	         0.964950	         1.007100	         0.629260	
            17.40	         0.985480	         1.119100	         1.070200	         1.030400	         0.827280	         0.973830	         1.016000	         0.632820	
            17.50	         0.994480	         1.129300	         1.080300	         1.040700	         0.833350	         0.982730	         1.025000	         0.636360	
            17.60	         1.003500	         1.139600	         1.090400	         1.051000	         0.839410	         0.991630	         1.033900	         0.639870	
            17.70	         1.012500	         1.149800	         1.100500	         1.061200	         0.845470	         1.000500	         1.042800	         0.643370	
            17.80	         1.021500	         1.160100	         1.110600	         1.071500	         0.851520	         1.009400	         1.051700	         0.646830	
            17.90	         1.030500	         1.170300	         1.120700	         1.081700	         0.857550	         1.018300	         1.060600	         0.650270	
            18.00	         1.039500	         1.180500	         1.130800	         1.091900	         0.863560	         1.027200	         1.069600	         0.653670	
            18.10	         1.048500	         1.190700	         1.140900	         1.102200	         0.869560	         1.036100	         1.078500	         0.657050	
            18.20	         1.057500	         1.200900	         1.151000	         1.112400	         0.875540	         1.045000	         1.087400	         0.660390	
            18.30	         1.066500	         1.211100	         1.161000	         1.122600	         0.881490	         1.053900	         1.096200	         0.663700	
            18.40	         1.075500	         1.221300	         1.171000	         1.132700	         0.887420	         1.062700	         1.105100	         0.666970	
            18.50	         1.084400	         1.231400	         1.181000	         1.142900	         0.893320	         1.071600	         1.113900	         0.670200	
            18.60	         1.093300	         1.241500	         1.191000	         1.153000	         0.899190	         1.080400	         1.122800	         0.673390	
            18.70	         1.102200	         1.251600	         1.200900	         1.163100	         0.905020	         1.089200	         1.131600	         0.676550	
            18.80	         1.111100	         1.261700	         1.210900	         1.173100	         0.910820	         1.097900	         1.140300	         0.679650	
            18.90	         1.120000	         1.271700	         1.220700	         1.183100	         0.916580	         1.106700	         1.149000	         0.682720	
            19.00	         1.128800	         1.281700	         1.230500	         1.193100	         0.922310	         1.115400	         1.157700	         0.685740	
            19.10	         1.137500	         1.291600	         1.240300	         1.203000	         0.927990	         1.124000	         1.166400	         0.688710	
            19.20	         1.146300	         1.301500	         1.250100	         1.212900	         0.933630	         1.132700	         1.175000	         0.691630	
            19.30	         1.155000	         1.311400	         1.259800	         1.222700	         0.939220	         1.141200	         1.183600	         0.694510	
            19.40	         1.163600	         1.321200	         1.269400	         1.232500	         0.944760	         1.149800	         1.192100	         0.697330	
            19.50	         1.172200	         1.330900	         1.279000	         1.242200	         0.950250	         1.158200	         1.200600	         0.700100	
            19.60	         1.180700	         1.340600	         1.288500	         1.251900	         0.955680	         1.166700	         1.209000	         0.702810	
            19.70	         1.189200	         1.350300	         1.298000	         1.261400	         0.961060	         1.175100	         1.217400	         0.705470	
            19.80	         1.197700	         1.359800	         1.307400	         1.271000	         0.966390	         1.183400	         1.225700	         0.708070	
            19.90	         1.206000	         1.369300	         1.316700	         1.280400	         0.971650	         1.191600	         1.233900	         0.710610	
            20.00	         1.214400	         1.378800	         1.326000	         1.289800	         0.976850	         1.199800	         1.242100	         0.713100	
            20.10	         1.222600	         1.388100	         1.335200	         1.299200	         0.981980	         1.208000	         1.250300	         0.715520	
            20.20	         1.230800	         1.397400	         1.344300	         1.308400	         0.987050	         1.216100	         1.258300	         0.717880	
            20.30	         1.238900	         1.406600	         1.353300	         1.317600	         0.992060	         1.224100	         1.266300	         0.720180	
            20.40	         1.246900	         1.415800	         1.362300	         1.326700	         0.996990	         1.232000	         1.274200	         0.722410	
            20.50	         1.254900	         1.424800	         1.371200	         1.335700	         1.001800	         1.239800	         1.282000	         0.724570	
            20.60	         1.262800	         1.433800	         1.379900	         1.344600	         1.006600	         1.247600	         1.289800	         0.726680	
            20.70	         1.270600	         1.442700	         1.388600	         1.353400	         1.011300	         1.255300	         1.297400	         0.728710	
            20.80	         1.278300	         1.451400	         1.397300	         1.362100	         1.016000	         1.262900	         1.305000	         0.730670	
            20.90	         1.286000	         1.460100	         1.405800	         1.370800	         1.020500	         1.270400	         1.312500	         0.732560	
            21.00	         1.293500	         1.468700	         1.414200	         1.379300	         1.025000	         1.277900	         1.319900	         0.734390	
            21.10	         1.301000	         1.477200	         1.422500	         1.387700	         1.029400	         1.285200	         1.327200	         0.736140	
            21.20	         1.308300	         1.485600	         1.430700	         1.396100	         1.033700	         1.292500	         1.334500	         0.737810	
            21.30	         1.315600	         1.493900	         1.438800	         1.404300	         1.037900	         1.299600	         1.341600	         0.739420	
            21.40	         1.322800	         1.502100	         1.446800	         1.412400	         1.042000	         1.306700	         1.348600	         0.740950	
            21.50	         1.329800	         1.510200	         1.454700	         1.420400	         1.046000	         1.313600	         1.355500	         0.742400	
            21.60	         1.336800	         1.518100	         1.462500	         1.428400	         1.050000	         1.320500	         1.362300	         0.743780	
            21.70	         1.343700	         1.526000	         1.470100	         1.436100	         1.053800	         1.327300	         1.369100	         0.745080	
            21.80	         1.350400	         1.533700	         1.477700	         1.443800	         1.057600	         1.333900	         1.375700	         0.746300	
            21.90	         1.357100	         1.541300	         1.485100	         1.451400	         1.061200	         1.340400	         1.382200	         0.747450	
            22.00	         1.363600	         1.548800	         1.492400	         1.458800	         1.064800	         1.346900	         1.388500	         0.748510	
            22.10	         1.370100	         1.556200	         1.499600	         1.466100	         1.068300	         1.353200	         1.394800	         0.749500	
            22.20	         1.376400	         1.563400	         1.506700	         1.473300	         1.071600	         1.359400	         1.401000	         0.750400	
            22.30	         1.382600	         1.570500	         1.513600	         1.480300	         1.074900	         1.365500	         1.407000	         0.751230	
            22.40	         1.388700	         1.577500	         1.520400	         1.487300	         1.078000	         1.371400	         1.412900	         0.751970	
            22.50	         1.394600	         1.584400	         1.527100	         1.494100	         1.081100	         1.377300	         1.418700	         0.752630	
            22.60	         1.400400	         1.591100	         1.533600	         1.500700	         1.084000	         1.383000	         1.424400	         0.753210	
            22.70	         1.406200	         1.597700	         1.540000	         1.507200	         1.086800	         1.388600	         1.429900	         0.753710	
            22.80	         1.411700	         1.604100	         1.546300	         1.513600	         1.089600	         1.394100	         1.435400	         0.754120	
            22.90	         1.417200	         1.610400	         1.552400	         1.519900	         1.092200	         1.399400	         1.440600	         0.754450	
            23.00	         1.422500	         1.616600	         1.558400	         1.526000	         1.094700	         1.404700	         1.445800	         0.754690	
            23.10	         1.427700	         1.622600	         1.564300	         1.532000	         1.097100	         1.409700	         1.450800	         0.754860	
            23.20	         1.432800	         1.628500	         1.570000	         1.537800	         1.099400	         1.414700	         1.455700	         0.754930	
            23.30	         1.437700	         1.634300	         1.575500	         1.543500	         1.101500	         1.419500	         1.460500	         0.754920	
            23.40	         1.442500	         1.639900	         1.580900	         1.549000	         1.103600	         1.424200	         1.465100	         0.754830	
            23.50	         1.447200	         1.645300	         1.586200	         1.554400	         1.105500	         1.428800	         1.469600	         0.754650	
            23.60	         1.451700	         1.650600	         1.591300	         1.559600	         1.107400	         1.433200	         1.474000	         0.754390	
            23.70	         1.456100	         1.655700	         1.596300	         1.564700	         1.109100	         1.437500	         1.478200	         0.754040	
            23.80	         1.460300	         1.660700	         1.601100	         1.569700	         1.110700	         1.441600	         1.482200	         0.753610	
            23.90	         1.464500	         1.665600	         1.605700	         1.574400	         1.112100	         1.445600	         1.486200	         0.753090	
            24.00	         1.468400	         1.670300	         1.610200	         1.579100	         1.113500	         1.449500	         1.489900	         0.752490	
            24.10	         1.472200	         1.674800	         1.614600	         1.583500	         1.114700	         1.453200	         1.493600	         0.751800	
            24.20	         1.475900	         1.679100	         1.618800	         1.587900	         1.115900	         1.456700	         1.497100	         0.751030	
            24.30	         1.479400	         1.683300	         1.622800	         1.592000	         1.116900	         1.460200	         1.500400	         0.750170	
            24.40	         1.482800	         1.687400	         1.626700	         1.596000	         1.117700	         1.463400	         1.503600	         0.749230	
            24.50	         1.486100	         1.691300	         1.630400	         1.599900	         1.118500	         1.466600	         1.506700	         0.748200	
            24.60	         1.489100	         1.695000	         1.634000	         1.603600	         1.119100	         1.469600	         1.509600	         0.747090	
            24.70	         1.492100	         1.698600	         1.637400	         1.607100	         1.119700	         1.472400	         1.512300	         0.745890	
            24.80	         1.494900	         1.702000	         1.640600	         1.610400	         1.120100	         1.475100	         1.514900	         0.744620	
            24.90	         1.497500	         1.705200	         1.643600	         1.613600	         1.120300	         1.477600	         1.517400	         0.743250	
            25.00	         1.500000	         1.708300	         1.646600	         1.616700	         1.120500	         1.480000	         1.519700	         0.741810	
            25.10	         1.502300	         1.711200	         1.649300	         1.619500	         1.120500	         1.482200	         1.521800	         0.740280	
            25.20	         1.504500	         1.713900	         1.651900	         1.622300	         1.120400	         1.484300	         1.523800	         0.738670	
            25.30	         1.506500	         1.716500	         1.654300	         1.624800	         1.120200	         1.486300	         1.525700	         0.736980	
            25.40	         1.508400	         1.718900	         1.656500	         1.627200	         1.119900	         1.488000	         1.527400	         0.735210	
            25.50	         1.510200	         1.721100	         1.658600	         1.629400	         1.119400	         1.489700	         1.528900	         0.733350	
            25.60	         1.511700	         1.723200	         1.660500	         1.631400	         1.118900	         1.491100	         1.530300	         0.731420	
            25.70	         1.513200	         1.725100	         1.662300	         1.633300	         1.118200	         1.492500	         1.531500	         0.729410	
            25.80	         1.514400	         1.726800	         1.663800	         1.635000	         1.117300	         1.493600	         1.532600	         0.727310	
            25.90	         1.515500	         1.728400	         1.665200	         1.636600	         1.116400	         1.494600	         1.533500	         0.725140	
            26.00	         1.516500	         1.729800	         1.666500	         1.638000	         1.115400	         1.495500	         1.534300	         0.722890	
            26.10	         1.517300	         1.731000	         1.667600	         1.639200	         1.114200	         1.496200	         1.534900	         0.720570	
            26.20	         1.517900	         1.732100	         1.668500	         1.640300	         1.112900	         1.496800	         1.535300	         0.718170	
            26.30	         1.518400	         1.732900	         1.669200	         1.641100	         1.111500	         1.497200	         1.535600	         0.715690	
            26.40	         1.518800	         1.733700	         1.669800	         1.641900	         1.109900	         1.497400	         1.535800	         0.713140	
            26.50	         1.519000	         1.734200	         1.670200	         1.642400	         1.108300	         1.497500	         1.535800	         0.710510	
            26.60	         1.519000	         1.734600	         1.670400	         1.642800	         1.106500	         1.497500	         1.535600	         0.707810	
            26.70	         1.518900	         1.734800	         1.670500	         1.643000	         1.104600	         1.497300	         1.535300	         0.705040	
            26.80	         1.518600	         1.734800	         1.670400	         1.643100	         1.102600	         1.496900	         1.534800	         0.702200	
            26.90	         1.518200	         1.734700	         1.670200	         1.643000	         1.100500	         1.496400	         1.534200	         0.699290	
            27.00	         1.517600	         1.734400	         1.669700	         1.642700	         1.098300	         1.495700	         1.533400	         0.696300	
            27.10	         1.516900	         1.734000	         1.669200	         1.642300	         1.095900	         1.494900	         1.532500	         0.693250	
            27.20	         1.516000	         1.733300	         1.668400	         1.641700	         1.093500	         1.493900	         1.531400	         0.690130	
            27.30	         1.515000	         1.732500	         1.667500	         1.640900	         1.090900	         1.492800	         1.530200	         0.686950	
            27.40	         1.513800	         1.731600	         1.666400	         1.640000	         1.088200	         1.491600	         1.528800	         0.683700	
            27.50	         1.512500	         1.730500	         1.665200	         1.638900	         1.085400	         1.490200	         1.527300	         0.680380	
            27.60	         1.511000	         1.729200	         1.663800	         1.637700	         1.082500	         1.488600	         1.525700	         0.677000	
            27.70	         1.509400	         1.727700	         1.662200	         1.636300	         1.079500	         1.486900	         1.523800	         0.673560	
            27.80	         1.507600	         1.726100	         1.660500	         1.634700	         1.076300	         1.485000	         1.521900	         0.670050	
            27.90	         1.505700	         1.724300	         1.658600	         1.633000	         1.073100	         1.483000	         1.519800	         0.666490	
            28.00	         1.503700	         1.722400	         1.656600	         1.631100	         1.069800	         1.480900	         1.517500	         0.662860	
            28.10	         1.501500	         1.720300	         1.654400	         1.629100	         1.066300	         1.478600	         1.515100	         0.659180	
            28.20	         1.499100	         1.718000	         1.652000	         1.626900	         1.062800	         1.476200	         1.512500	         0.655440	
            28.30	         1.496600	         1.715600	         1.649500	         1.624600	         1.059100	         1.473600	         1.509900	         0.651640	
            28.40	         1.494000	         1.713000	         1.646800	         1.622100	         1.055400	         1.470900	         1.507000	         0.647790	
            28.50	         1.491200	         1.710300	         1.644000	         1.619400	         1.051500	         1.468100	         1.504100	         0.643890	
            28.60	         1.488300	         1.707400	         1.641000	         1.616600	         1.047600	         1.465100	         1.500900	         0.639930	
            28.70	         1.485200	         1.704400	         1.637900	         1.613700	         1.043500	         1.461900	         1.497700	         0.635920	
            28.80	         1.482100	         1.701200	         1.634600	         1.610600	         1.039400	         1.458700	         1.494300	         0.631860	
            28.90	         1.478700	         1.697800	         1.631200	         1.607300	         1.035200	         1.455300	         1.490800	         0.627760	
            29.00	         1.475300	         1.694300	         1.627600	         1.603900	         1.030800	         1.451700	         1.487100	         0.623600	
            29.10	         1.471700	         1.690700	         1.623900	         1.600400	         1.026400	         1.448100	         1.483300	         0.619400	
            29.20	         1.467900	         1.686900	         1.620000	         1.596700	         1.021900	         1.444300	         1.479400	         0.615160	
            29.30	         1.464100	         1.682900	         1.616000	         1.592900	         1.017300	         1.440300	         1.475400	         0.610870	
            29.40	         1.460100	         1.678800	         1.611800	         1.588900	         1.012600	         1.436300	         1.471200	         0.606540	
            29.50	         1.456000	         1.674600	         1.607500	         1.584800	         1.007800	         1.432100	         1.466900	         0.602160	
            29.60	         1.451700	         1.670200	         1.603100	         1.580500	         1.002900	         1.427800	         1.462400	         0.597750	
            29.70	         1.447400	         1.665700	         1.598500	         1.576200	         0.997960	         1.423400	         1.457900	         0.593300	
            29.80	         1.442900	         1.661100	         1.593800	         1.571700	         0.992930	         1.418800	         1.453200	         0.588810	
            29.90	         1.438300	         1.656300	         1.589000	         1.567000	         0.987810	         1.414100	         1.448400	         0.584290	
            30.00	         1.433500	         1.651300	         1.584000	         1.562200	         0.982610	         1.409300	         1.443500	         0.579730	
            30.10	         1.428700	         1.646300	         1.578900	         1.557300	         0.977340	         1.404400	         1.438400	         0.575140	
            30.20	         1.423700	         1.641100	         1.573600	         1.552300	         0.971980	         1.399400	         1.433200	         0.570510	
            30.30	         1.418600	         1.635700	         1.568300	         1.547100	         0.966560	         1.394200	         1.428000	         0.565860	
            30.40	         1.413400	         1.630300	         1.562800	         1.541800	         0.961060	         1.389000	         1.422600	         0.561170	
            30.50	         1.408100	         1.624700	         1.557200	         1.536400	         0.955490	         1.383600	         1.417100	         0.556460	
            30.60	         1.402700	         1.618900	         1.551400	         1.530800	         0.949840	         1.378100	         1.411500	         0.551720	
            30.70	         1.397100	         1.613100	         1.545500	         1.525200	         0.944130	         1.372500	         1.405700	         0.546960	
            30.80	         1.391500	         1.607100	         1.539600	         1.519400	         0.938360	         1.366800	         1.399900	         0.542170	
            30.90	         1.385700	         1.601100	         1.533500	         1.513500	         0.932510	         1.361000	         1.394000	         0.537360	
            31.00	         1.379900	         1.594800	         1.527200	         1.507500	         0.926610	         1.355100	         1.387900	         0.532530	
            31.10	         1.373900	         1.588500	         1.520900	         1.501400	         0.920640	         1.349100	         1.381800	         0.527680	
            31.20	         1.367900	         1.582100	         1.514400	         1.495200	         0.914610	         1.343000	         1.375500	         0.522810	
            31.30	         1.361700	         1.575500	         1.507900	         1.488800	         0.908520	         1.336800	         1.369200	         0.517920	
            31.40	         1.355400	         1.568900	         1.501200	         1.482400	         0.902380	         1.330500	         1.362800	         0.513020	
            31.50	         1.349100	         1.562100	         1.494400	         1.475800	         0.896180	         1.324100	         1.356200	         0.508100	
            31.60	         1.342600	         1.555200	         1.487600	         1.469200	         0.889930	         1.317600	         1.349600	         0.503170	
            31.70	         1.336100	         1.548200	         1.480600	         1.462400	         0.883630	         1.311000	         1.342900	         0.498230	
            31.80	         1.329500	         1.541100	         1.473500	         1.455500	         0.877270	         1.304300	         1.336100	         0.493280	
            31.90	         1.322800	         1.533900	         1.466300	         1.448600	         0.870870	         1.297600	         1.329200	         0.488320	
            32.00	         1.316000	         1.526600	         1.459000	         1.441500	         0.864420	         1.290700	         1.322200	         0.483350	
            32.10	         1.309100	         1.519200	         1.451700	         1.434400	         0.857930	         1.283800	         1.315200	         0.478370	
            32.20	         1.302100	         1.511700	         1.444200	         1.427200	         0.851400	         1.276800	         1.308000	         0.473390	
            32.30	         1.295100	         1.504100	         1.436600	         1.419800	         0.844820	         1.269700	         1.300800	         0.468400	
            32.40	         1.288000	         1.496500	         1.429000	         1.412400	         0.838200	         1.262500	         1.293500	         0.463410	
            32.50	         1.280800	         1.488700	         1.421300	         1.404900	         0.831550	         1.255300	         1.286100	         0.458420	
            32.60	         1.273500	         1.480800	         1.413400	         1.397300	         0.824860	         1.248000	         1.278700	         0.453430	
            32.70	         1.266100	         1.472900	         1.405500	         1.389700	         0.818130	         1.240600	         1.271200	         0.448440	
            32.80	         1.258700	         1.464900	         1.397600	         1.381900	         0.811380	         1.233200	         1.263600	         0.443460	
            32.90	         1.251200	         1.456800	         1.389500	         1.374100	         0.804590	         1.225600	         1.255900	         0.438470	
            33.00	         1.243700	         1.448600	         1.381400	         1.366200	         0.797770	         1.218100	         1.248200	         0.433490	
            33.10	         1.236100	         1.440300	         1.373200	         1.358300	         0.790930	         1.210400	         1.240400	         0.428520	
            33.20	         1.228400	         1.432000	         1.364900	         1.350200	         0.784060	         1.202700	         1.232600	         0.423550	
            33.30	         1.220600	         1.423600	         1.356500	         1.342100	         0.777160	         1.194900	         1.224700	         0.418590	
            33.40	         1.212900	         1.415100	         1.348100	         1.334000	         0.770240	         1.187100	         1.216700	         0.413650	
            33.50	         1.205000	         1.406500	         1.339600	         1.325700	         0.763310	         1.179200	         1.208700	         0.408710	
            33.60	         1.197100	         1.397900	         1.331100	         1.317400	         0.756350	         1.171300	         1.200700	         0.403780	
            33.70	         1.189100	         1.389200	         1.322500	         1.309100	         0.749380	         1.163300	         1.192500	         0.398870	
            33.80	         1.181100	         1.380500	         1.313800	         1.300700	         0.742390	         1.155300	         1.184400	         0.393970	
            33.90	         1.173100	         1.371700	         1.305100	         1.292200	         0.735390	         1.147200	         1.176200	         0.389080	
            34.00	         1.165000	         1.362800	         1.296300	         1.283700	         0.728370	         1.139100	         1.167900	         0.384210	
            34.10	         1.156800	         1.353900	         1.287500	         1.275100	         0.721350	         1.130900	         1.159600	         0.379360	
            34.20	         1.148600	         1.344900	         1.278600	         1.266500	         0.714310	         1.122700	         1.151200	         0.374530	
            34.30	         1.140400	         1.335900	         1.269700	         1.257800	         0.707270	         1.114500	         1.142900	         0.369710	
            34.40	         1.132100	         1.326800	         1.260700	         1.249100	         0.700230	         1.106200	         1.134400	         0.364920	
            34.50	         1.123800	         1.317700	         1.251700	         1.240300	         0.693180	         1.097900	         1.126000	         0.360150	
            34.60	         1.115500	         1.308500	         1.242600	         1.231500	         0.686120	         1.089500	         1.117500	         0.355400	
            34.70	         1.107100	         1.299300	         1.233500	         1.222700	         0.679070	         1.081100	         1.109000	         0.350670	
            34.80	         1.098700	         1.290000	         1.224300	         1.213800	         0.672010	         1.072700	         1.100400	         0.345970	
            34.90	         1.090200	         1.280800	         1.215200	         1.204900	         0.664960	         1.064300	         1.091900	         0.341300	
            35.00	         1.081800	         1.271400	         1.205900	         1.195900	         0.657920	         1.055800	         1.083200	         0.336650	
            35.10	         1.073300	         1.262100	         1.196700	         1.186900	         0.650880	         1.047300	         1.074600	         0.332020	
            35.20	         1.064800	         1.252700	         1.187400	         1.177900	         0.643840	         1.038800	         1.066000	         0.327430	
            35.30	         1.056300	         1.243200	         1.178100	         1.168900	         0.636810	         1.030200	         1.057300	         0.322860	
            35.40	         1.047700	         1.233800	         1.168800	         1.159800	         0.629800	         1.021700	         1.048600	         0.318320	
            35.50	         1.039100	         1.224300	         1.159400	         1.150700	         0.622790	         1.013100	         1.039900	         0.313820	
            35.60	         1.030600	         1.214800	         1.150000	         1.141600	         0.615800	         1.004500	         1.031200	         0.309340	
            35.70	         1.022000	         1.205300	         1.140600	         1.132500	         0.608820	         0.995950	         1.022500	         0.304900	
            35.80	         1.013400	         1.195700	         1.131200	         1.123400	         0.601860	         0.987350	         1.013700	         0.300490	
            35.90	         1.004700	         1.186100	         1.121800	         1.114200	         0.594910	         0.978730	         1.005000	         0.296120	
            36.00	         0.996120	         1.176500	         1.112400	         1.105000	         0.587990	         0.970110	         0.996230	         0.291780	
            36.10	         0.987490	         1.166900	         1.102900	         1.095800	         0.581080	         0.961480	         0.987470	         0.287470	
            36.20	         0.978850	         1.157300	         1.093400	         1.086600	         0.574190	         0.952850	         0.978710	         0.283210	
            36.30	         0.970210	         1.147700	         1.084000	         1.077400	         0.567330	         0.944220	         0.969940	         0.278970	
            36.40	         0.961570	         1.138100	         1.074500	         1.068200	         0.560490	         0.935590	         0.961180	         0.274780	
            36.50	         0.952930	         1.128400	         1.065000	         1.059000	         0.553680	         0.926960	         0.952420	         0.270620	
            36.60	         0.944300	         1.118800	         1.055500	         1.049800	         0.546890	         0.918330	         0.943660	         0.266510	
            36.70	         0.935660	         1.109100	         1.046000	         1.040600	         0.540130	         0.909710	         0.934900	         0.262430	
            36.80	         0.927040	         1.099500	         1.036500	         1.031400	         0.533400	         0.901090	         0.926160	         0.258390	
            36.90	         0.918420	         1.089800	         1.027000	         1.022200	         0.526700	         0.892490	         0.917420	         0.254390	
            37.00	         0.909810	         1.080200	         1.017600	         1.013000	         0.520030	         0.883890	         0.908690	         0.250440	
            37.10	         0.901200	         1.070500	         1.008100	         1.003800	         0.513390	         0.875310	         0.899980	         0.246520	
            37.20	         0.892620	         1.060900	         0.998620	         0.994580	         0.506790	         0.866740	         0.891270	         0.242650	
            37.30	         0.884040	         1.051200	         0.989160	         0.985400	         0.500220	         0.858180	         0.882590	         0.238820	
            37.40	         0.875480	         1.041600	         0.979720	         0.976230	         0.493680	         0.849640	         0.873920	         0.235030	
            37.50	         0.866940	         1.032000	         0.970280	         0.967080	         0.487190	         0.841120	         0.865260	         0.231290	
            37.60	         0.858420	         1.022400	         0.960870	         0.957940	         0.480730	         0.832620	         0.856630	         0.227590	
            37.70	         0.849920	         1.012800	         0.951470	         0.948810	         0.474310	         0.824140	         0.848020	         0.223940	
            37.80	         0.841430	         1.003200	         0.942090	         0.939710	         0.467930	         0.815680	         0.839430	         0.220330	
            37.90	         0.832980	         0.993690	         0.932730	         0.930620	         0.461590	         0.807250	         0.830870	         0.216770	
            38.00	         0.824540	         0.984160	         0.923390	         0.921560	         0.455300	         0.798840	         0.822330	         0.213250	
            38.10	         0.816130	         0.974650	         0.914070	         0.912520	         0.449040	         0.790460	         0.813820	         0.209780	
            38.20	         0.807750	         0.965160	         0.904780	         0.903500	         0.442830	         0.782110	         0.805340	         0.206350	
            38.30	         0.799400	         0.955690	         0.895510	         0.894510	         0.436670	         0.773780	         0.796880	         0.202970	
            38.40	         0.791080	         0.946260	         0.886270	         0.885550	         0.430550	         0.765490	         0.788460	         0.199640	
            38.50	         0.782780	         0.936840	         0.877070	         0.876610	         0.424480	         0.757230	         0.780070	         0.196360	
            38.60	         0.774530	         0.927460	         0.867890	         0.867710	         0.418460	         0.749000	         0.771720	         0.193120	
            38.70	         0.766300	         0.918110	         0.858740	         0.858840	         0.412480	         0.740810	         0.763400	         0.189930	
            38.80	         0.758110	         0.908790	         0.849630	         0.850000	         0.406550	         0.732660	         0.755110	         0.186790	
            38.90	         0.749960	         0.899500	         0.840550	         0.841190	         0.400680	         0.724540	         0.746870	         0.183700	
            39.00	         0.741840	         0.890240	         0.831510	         0.832420	         0.394850	         0.716460	         0.738660	         0.180660	
            39.10	         0.733770	         0.881030	         0.822510	         0.823690	         0.389070	         0.708420	         0.730490	         0.177660	
            39.20	         0.725730	         0.871850	         0.813540	         0.815000	         0.383350	         0.700430	         0.722370	         0.174720	
            39.30	         0.717730	         0.862700	         0.804620	         0.806340	         0.377680	         0.692470	         0.714280	         0.171820	
            39.40	         0.709780	         0.853600	         0.795730	         0.797730	         0.372060	         0.684560	         0.706240	         0.168970	
            39.50	         0.701870	         0.844540	         0.786890	         0.789160	         0.366500	         0.676690	         0.698250	         0.166180	
            39.60	         0.694010	         0.835520	         0.778100	         0.780630	         0.360990	         0.668870	         0.690300	         0.163430	
            39.70	         0.686190	         0.826550	         0.769340	         0.772140	         0.355540	         0.661090	         0.682390	         0.160730	
            39.80	         0.678410	         0.817620	         0.760640	         0.763710	         0.350140	         0.653360	         0.674540	         0.158070	
            39.90	         0.670690	         0.808730	         0.751980	         0.755310	         0.344800	         0.645680	         0.666730	         0.155470	
            40.00	         0.663010	         0.799900	         0.743370	         0.746970	         0.339520	         0.638050	         0.658970	         0.152920	
            40.10	         0.655390	         0.791110	         0.734810	         0.738670	         0.334290	         0.630470	         0.651270	         0.150420	
            40.20	         0.647810	         0.782370	         0.726310	         0.730430	         0.329120	         0.622950	         0.643610	         0.147960	
            40.30	         0.640280	         0.773680	         0.717850	         0.722230	         0.324010	         0.615470	         0.636010	         0.145560	
            40.40	         0.632810	         0.765040	         0.709450	         0.714090	         0.318960	         0.608050	         0.628460	         0.143200	
            40.50	         0.625390	         0.756460	         0.701100	         0.706000	         0.313970	         0.600680	         0.620970	         0.140900	
            40.60	         0.618020	         0.747930	         0.692800	         0.697960	         0.309030	         0.593370	         0.613530	         0.138640	
            40.70	         0.610710	         0.739450	         0.684560	         0.689980	         0.304160	         0.586110	         0.606140	         0.136430	
            40.80	         0.603460	         0.731030	         0.676380	         0.682050	         0.299350	         0.578910	         0.598810	         0.134270	
            40.90	         0.596260	         0.722660	         0.668260	         0.674180	         0.294590	         0.571760	         0.591540	         0.132160	
            41.00	         0.589120	         0.714360	         0.660190	         0.666370	         0.289900	         0.564680	         0.584330	         0.130100	
            41.10	         0.582030	         0.706110	         0.652180	         0.658620	         0.285270	         0.557650	         0.577180	         0.128090	
            41.20	         0.575000	         0.697920	         0.644240	         0.650920	         0.280700	         0.550680	         0.570080	         0.126120	
            41.30	         0.568040	         0.689790	         0.636350	         0.643280	         0.276200	         0.543770	         0.563050	         0.124210	
            41.40	         0.561130	         0.681720	         0.628530	         0.635710	         0.271750	         0.536920	         0.556080	         0.122340	
            41.50	         0.554280	         0.673710	         0.620760	         0.628190	         0.267370	         0.530140	         0.549160	         0.120510	
            41.60	         0.547500	         0.665770	         0.613070	         0.620740	         0.263050	         0.523410	         0.542310	         0.118740	
            41.70	         0.540770	         0.657890	         0.605430	         0.613350	         0.258790	         0.516750	         0.535530	         0.117010	
            41.80	         0.534110	         0.650070	         0.597860	         0.606020	         0.254590	         0.510150	         0.528800	         0.115330	
            41.90	         0.527510	         0.642320	         0.590360	         0.598750	         0.250460	         0.503620	         0.522140	         0.113700	
            42.00	         0.520980	         0.634630	         0.582920	         0.591550	         0.246390	         0.497140	         0.515540	         0.112110	
            42.10	         0.514500	         0.627010	         0.575550	         0.584420	         0.242380	         0.490740	         0.509010	         0.110570	
            42.20	         0.508100	         0.619450	         0.568240	         0.577350	         0.238430	         0.484390	         0.502550	         0.109070	
            42.30	         0.501750	         0.611960	         0.561000	         0.570340	         0.234550	         0.478120	         0.496140	         0.107620	
            42.40	         0.495470	         0.604540	         0.553830	         0.563400	         0.230730	         0.471900	         0.489810	         0.106210	
            42.50	         0.489260	         0.597190	         0.546730	         0.556530	         0.226970	         0.465760	         0.483540	         0.104850	
            42.60	         0.483110	         0.589900	         0.539700	         0.549730	         0.223280	         0.459680	         0.477330	         0.103530	
            42.70	         0.477030	         0.582690	         0.532740	         0.542990	         0.219650	         0.453670	         0.471200	         0.102260	
            42.80	         0.471020	         0.575540	         0.525850	         0.536320	         0.216080	         0.447720	         0.465130	         0.101030	
            42.90	         0.465070	         0.568460	         0.519020	         0.529720	         0.212570	         0.441850	         0.459130	         0.099842	
            43.00	         0.459180	         0.561460	         0.512270	         0.523190	         0.209130	         0.436040	         0.453190	         0.098698	
            43.10	         0.453370	         0.554520	         0.505590	         0.516730	         0.205750	         0.430290	         0.447330	         0.097596	
            43.20	         0.447620	         0.547660	         0.498980	         0.510340	         0.202430	         0.424620	         0.441530	         0.096536	
            43.30	         0.441940	         0.540870	         0.492450	         0.504010	         0.199170	         0.419010	         0.435800	         0.095517	
            43.40	         0.436330	         0.534140	         0.485980	         0.497760	         0.195980	         0.413480	         0.430140	         0.094540	
            43.50	         0.430790	         0.527500	         0.479590	         0.491580	         0.192840	         0.408010	         0.424550	         0.093603	
            43.60	         0.425310	         0.520920	         0.473270	         0.485470	         0.189770	         0.402610	         0.419020	         0.092706	
            43.70	         0.419900	         0.514420	         0.467020	         0.479420	         0.186760	         0.397280	         0.413570	         0.091848	
            43.80	         0.414560	         0.507990	         0.460850	         0.473450	         0.183810	         0.392010	         0.408180	         0.091030	
            43.90	         0.409290	         0.501630	         0.454740	         0.467550	         0.180930	         0.386820	         0.402870	         0.090251	
            44.00	         0.404090	         0.495340	         0.448720	         0.461720	         0.178100	         0.381700	         0.397620	         0.089509	
            44.10	         0.398960	         0.489130	         0.442760	         0.455970	         0.175330	         0.376640	         0.392440	         0.088806	
            44.20	         0.393890	         0.483000	         0.436880	         0.450280	         0.172620	         0.371660	         0.387330	         0.088139	
            44.30	         0.388890	         0.476930	         0.431070	         0.444670	         0.169980	         0.366740	         0.382290	         0.087509	
            44.40	         0.383970	         0.470940	         0.425340	         0.439120	         0.167390	         0.361890	         0.377320	         0.086916	
            44.50	         0.379110	         0.465030	         0.419680	         0.433650	         0.164860	         0.357110	         0.372420	         0.086357	
            44.60	         0.374320	         0.459190	         0.414090	         0.428250	         0.162390	         0.352400	         0.367590	         0.085834	
            44.70	         0.369590	         0.453420	         0.408580	         0.422920	         0.159980	         0.347760	         0.362820	         0.085346	
            44.80	         0.364940	         0.447720	         0.403140	         0.417660	         0.157620	         0.343190	         0.358130	         0.084892	
            44.90	         0.360350	         0.442110	         0.397780	         0.412480	         0.155330	         0.338690	         0.353510	         0.084471	
