            angle	Ex=0.000(d5/2)(d:DCV,p:Vamer)	Ex=0.000(d5/2)(d:DCV,p:KD)	Ex=0.000(d5/2)(d:HSS,p:KD)	Ex=0.120(s1/2)(d:DCV,p:Vamer)	Ex=0.120(s1/2)(d:DCV,p:KD)	Ex=0.120(s1/2)(d:HSS,p:KD)	Ex=0.298(d5/2)(d:DCV,p:Vamer)	Ex=0.298(d5/2)(d:DCV,p:KD)	Ex=0.298(d5/2)(d:HSS,p:KD)	Ex=0.397(s1/2)(d:DCV,p:Vamer)	Ex=0.397(s1/2)(d:DCV,p:KD)	Ex=0.397(s1/2)(d:HSS,p:KD)	
              0.00         12.887000         13.388000         10.991000          2.555000          2.460400          2.445300         18.743000         19.407000         16.043000          7.292400          7.027200          6.877900
              1.00         12.867000         13.366000         10.982000          2.506400          2.412400          2.398700         18.714000         19.375000         16.028000          7.137800          6.874400          6.728700
              2.00         12.807000         13.301000         10.952000          2.365800          2.273900          2.263700         18.623000         19.279000         15.980000          6.695600          6.437700          6.302700
              3.00         12.703000         13.190000         10.899000          2.148000          2.059400          2.054900         18.468000         19.113000         15.896000          6.023800          5.775000          5.657300
              4.00         12.554000         13.030000         10.819000          1.874300          1.790300          1.793000         18.242000         18.874000         15.767000          5.201100          4.964900          4.870100
              5.00         12.354000         12.817000         10.705000          1.569200          1.491000          1.501900         17.941000         18.556000         15.585000          4.309000          4.088500          4.021100
              6.00         12.101000         12.547000         10.551000          1.256600          1.185300          1.204800         17.558000         18.152000         15.342000          3.419100          3.217400          3.180000
              7.00         11.790000         12.218000         10.352000          0.957570          0.894250          0.921860         17.089000         17.657000         15.030000          2.587300          2.407200          2.400400
              8.00         11.420000         11.827000         10.104000          0.688400          0.634050          0.668810         16.530000         17.071000         14.642000          1.852400          1.696300          1.718700
              9.00         10.992000         11.376000          9.804200          0.460310          0.415820          0.456210         15.883000         16.394000         14.176000          1.238000          1.108300          1.156300
             10.00         10.506000         10.865000          9.451400          0.279530          0.245660          0.289740         15.152000         15.631000         13.633000          0.754950          0.653650          0.722290
             11.00          9.966300         10.300000          9.048000          0.147860          0.125270          0.170880         14.344000         14.788000         13.017000          0.404090          0.332880          0.416180
             12.00          9.380200          9.687700          8.598200          0.063581          0.052771          0.097703         13.469000         13.879000         12.335000          0.178380          0.138610          0.230130
             13.00          8.755300          9.036400          8.108300          0.022240          0.023561          0.065753         12.541000         12.916000         11.598000          0.064977          0.057648          0.151110
             14.00          8.101500          8.356600          7.586600          0.017558          0.031188          0.068874         11.576000         11.915000         10.819000          0.047141          0.072807          0.162620
             15.00          7.429800          7.659800          7.042800          0.042193          0.068122          0.099965         10.590000         10.895000         10.014000          0.105840          0.164590          0.246260
             16.00          6.751700          6.958100          6.487300          0.088408          0.126430          0.151610          9.599400          9.873500          9.197500          0.221240          0.312680          0.383090
             17.00          6.078900          6.263500          5.931100          0.148640          0.198360          0.216600          8.622400          8.867200          8.385500          0.374020          0.497220          0.554760
             18.00          5.422700          5.587600          5.384600          0.215940          0.276750          0.288320          7.674300          7.893000          7.593000          0.546330          0.699860          0.744410
             19.00          4.793400          4.941400          4.857900          0.284250          0.355380          0.361050          6.769600          6.965600          6.833500          0.722610          0.904510          0.937360
             20.00          4.200100          4.334000          4.359600          0.348650          0.429130          0.430070          5.920700          6.097800          6.119000          0.890040          1.097900          1.121500
             21.00          3.650600          3.773300          3.897400          0.405380          0.494100          0.491800          5.137400          5.299800          5.459200          1.038800          1.269700          1.287400
             22.00          3.150700          3.265500          3.477000          0.451870          0.547590          0.543730          4.427300          4.579200          4.861400          1.162000          1.412800          1.428500
             23.00          2.704700          2.814500          3.102600          0.486660          0.588040          0.584340          3.795500          3.941000          4.330800          1.255600          1.522800          1.540600
             24.00          2.314800          2.422700          2.776800          0.509200          0.614850          0.612990          3.244500          3.387600          3.870000          1.318000          1.597700          1.621700
             25.00          1.981900          2.090600          2.500200          0.519780          0.628250          0.629760          2.774500          2.919100          3.479500          1.349600          1.638000          1.671900
             26.00          1.704900          1.817200          2.272300          0.519240          0.629120          0.635280          2.383800          2.533400          3.157800          1.352300          1.645700          1.692400
             27.00          1.481700          1.599900          2.091000          0.508880          0.618780          0.630570          2.068800          2.226500          2.901700          1.329300          1.623800          1.685700
             28.00          1.308800          1.434900          1.953200          0.490230          0.598850          0.616910          1.824300          1.992900          2.706300          1.284400          1.576300          1.655000
             29.00          1.181900          1.317400          1.854700          0.464960          0.571090          0.595710          1.644000          1.825600          2.565900          1.221800          1.507800          1.603600
             30.00          1.095800          1.242100          1.790800          0.434710          0.537270          0.568400          1.520600          1.717000          2.473700          1.145600          1.422700          1.535300
             31.00          1.045100          1.203000          1.756400          0.401050          0.499100          0.536380          1.446500          1.658700          2.422300          1.059800          1.325400          1.453500
             32.00          1.023800          1.193900          1.745900          0.365390          0.458160          0.500960          1.413300          1.642100          2.404100          0.968210          1.220000          1.361800
             33.00          1.026200          1.208600          1.753900          0.328960          0.415850          0.463320          1.413000          1.658500          2.411600          0.873910          1.110100          1.263300
             34.00          1.046400          1.240900          1.775000          0.292800          0.373380          0.424500          1.437500          1.699400          2.437300          0.779670          0.998960          1.160600
             35.00          1.079100          1.285200          1.804200          0.257750          0.331750          0.385420          1.479300          1.756900          2.474200          0.687750          0.889340          1.056400
             36.00          1.119200          1.336100          1.836800          0.224460          0.291790          0.346840          1.531500          1.823700          2.516100          0.599950          0.783460          0.952780
             37.00          1.162300          1.388900          1.869000          0.193430          0.254150          0.309430          1.587900          1.893200          2.557400          0.517630          0.683130          0.851610
             38.00          1.204500          1.439700          1.897200          0.165000          0.219290          0.273710          1.643200          1.960000          2.593300          0.441820          0.589750          0.754460
             39.00          1.242700          1.485000          1.918700          0.139400          0.187580          0.240130          1.693000          2.019500          2.620200          0.373200          0.504370          0.662640
             40.00          1.274400          1.522400          1.931500          0.116750          0.159230          0.209030          1.734000          2.068200          2.635200          0.312220          0.427710          0.577210
             41.00          1.297900          1.550100          1.934100          0.097083          0.134360          0.180650          1.763900          2.103700          2.636400          0.259050          0.360190          0.499000
             42.00          1.312100          1.566900          1.925900          0.080378          0.113000          0.155200          1.781100          2.124500          2.623100          0.213740          0.302000          0.428610
             43.00          1.316400          1.572400          1.906700          0.066546          0.095096          0.132760          1.785100          2.130000          2.594800          0.176110          0.253120          0.366430
             44.00          1.311000          1.566700          1.876800          0.055454          0.080538          0.113380          1.775900          2.120400          2.552300          0.145890          0.213310          0.312640
             45.00          1.296200          1.550400          1.837000          0.046930          0.069151          0.097023          1.754100          2.096600          2.496400          0.122660          0.182160          0.267220
             46.00          1.273000          1.524500          1.788300          0.040771          0.060714          0.083609          1.721100          2.059800          2.428800          0.105940          0.159140          0.229990
             47.00          1.242300          1.490000          1.732100          0.036750          0.054965          0.072992          1.678100          2.011600          2.351200          0.095114          0.143560          0.200560
             48.00          1.205400          1.448400          1.669600          0.034617          0.051613          0.064980          1.626900          1.954000          2.265400          0.089534          0.134650          0.178440
             49.00          1.163600          1.401000          1.602500          0.034109          0.050340          0.059338          1.569200          1.888800          2.173400          0.088488          0.131540          0.162960
             50.00          1.118100          1.349400          1.532000          0.034955          0.050814          0.055800          1.506700          1.818100          2.077100          0.091230          0.133320          0.153400
             51.00          1.070100          1.294900          1.459500          0.036881          0.052696          0.054074          1.441000          1.743500          1.978300          0.096999          0.139050          0.148920
             52.00          1.020800          1.238700          1.386200          0.039615          0.055649          0.053855          1.373700          1.666800          1.878600          0.105030          0.147790          0.148660
             53.00          0.971140          1.182000          1.313300          0.042894          0.059343          0.054829          1.306000          1.589500          1.779400          0.114600          0.158600          0.151740
             54.00          0.922050          1.125700          1.241600          0.046472          0.063469          0.056688          1.239100          1.512900          1.682000          0.125000          0.170620          0.157280
             55.00          0.874210          1.070600          1.171900          0.050121          0.067737          0.059136          1.174100          1.438100          1.587400          0.135580          0.183020          0.164440
             56.00          0.828190          1.017500          1.104900          0.053636          0.071890          0.061895          1.111500          1.365900          1.496400          0.145760          0.195090          0.172430
             57.00          0.784440          0.966680          1.041000          0.056843          0.075704          0.064716          1.052100          1.296900          1.409600          0.155060          0.206170          0.180550
             58.00          0.743240          0.918640          0.980560          0.059595          0.078993          0.067379          0.996240          1.231700          1.327600          0.163050          0.215740          0.188180
             59.00          0.704780          0.873540          0.923750          0.061779          0.081609          0.069699          0.944100          1.170500          1.250500          0.169410          0.223390          0.194810
             60.00          0.669120          0.831470          0.870660          0.063314          0.083446          0.071530          0.895810          1.113500          1.178400          0.173910          0.228820          0.200020
             61.00          0.636220          0.792400          0.821280          0.064151          0.084436          0.072762          0.851300          1.060600          1.111400          0.176430          0.231830          0.203510
             62.00          0.605970          0.756210          0.775470          0.064269          0.084550          0.073323          0.810430          1.011600          1.049200          0.176890          0.232350          0.205080
             63.00          0.578170          0.722720          0.733060          0.063678          0.083791          0.073175          0.772920          0.966370          0.991680          0.175340          0.230390          0.204630
             64.00          0.552590          0.691650          0.693770          0.062411          0.082196          0.072313          0.738450          0.924430          0.938380          0.171860          0.226050          0.202160
             65.00          0.528940          0.662710          0.657320          0.060521          0.079824          0.070761          0.706620          0.885400          0.888940          0.166620          0.219510          0.197740
             66.00          0.506920          0.635580          0.623390          0.058078          0.076758          0.068566          0.677020          0.848840          0.842910          0.159810          0.211000          0.191510
             67.00          0.486240          0.609930          0.591650          0.055166          0.073096          0.065794          0.649250          0.814320          0.799850          0.151670          0.200810          0.183650
             68.00          0.466610          0.585470          0.561770          0.051875          0.068947          0.062527          0.622900          0.781410          0.759330          0.142460          0.189240          0.174400
             69.00          0.447780          0.561890          0.533470          0.048301          0.064427          0.058855          0.597640          0.749710          0.720940          0.132460          0.176630          0.164030
             70.00          0.429520          0.538980          0.506480          0.044539          0.059650          0.054875          0.573150          0.718920          0.684320          0.121930          0.163300          0.152800
             71.00          0.411660          0.516520          0.480580          0.040681          0.054731          0.050685          0.549200          0.688750          0.649180          0.111150          0.149580          0.140990
             72.00          0.394060          0.494370          0.455590          0.036815          0.049776          0.046380          0.525610          0.659010          0.615270          0.100350          0.135760          0.128880
             73.00          0.376640          0.472440          0.431370          0.033020          0.044884          0.042048          0.502270          0.629590          0.582420          0.089762          0.122130          0.116710
             74.00          0.359350          0.450680          0.407820          0.029363          0.040140          0.037773          0.479100          0.600400          0.550500          0.079577          0.108940          0.104710
             75.00          0.342170          0.429070          0.384890          0.025903          0.035619          0.033626          0.456090          0.571430          0.519440          0.069958          0.096375          0.093093
             76.00          0.325120          0.407630          0.362540          0.022686          0.031381          0.029668          0.433260          0.542710          0.489180          0.061035          0.084619          0.082021
             77.00          0.308220          0.386400          0.340770          0.019746          0.027471          0.025950          0.410660          0.514300          0.459730          0.052902          0.073795          0.071632
             78.00          0.291530          0.365450          0.319590          0.017106          0.023922          0.022508          0.388340          0.486270          0.431100          0.045621          0.063992          0.062032
             79.00          0.275110          0.344850          0.299020          0.014778          0.020751          0.019370          0.366380          0.458720          0.403320          0.039223          0.055258          0.053292
             80.00          0.259020          0.324660          0.279100          0.012763          0.017965          0.016551          0.344870          0.431740          0.376420          0.033709          0.047610          0.045453
             81.00          0.243330          0.304980          0.259860          0.011055          0.015560          0.014057          0.323890          0.405430          0.350450          0.029058          0.041031          0.038529
             82.00          0.228100          0.285870          0.241350          0.009640          0.013523          0.011885          0.303520          0.379910          0.325460          0.025226          0.035482          0.032507
             83.00          0.213390          0.267420          0.223590          0.008495          0.011831          0.010024          0.283850          0.355260          0.301510          0.022152          0.030898          0.027357
             84.00          0.199260          0.249700          0.206640          0.007598          0.010458          0.008457          0.264960          0.331580          0.278640          0.019764          0.027201          0.023029
             85.00          0.185780          0.232770          0.190520          0.006918          0.009370          0.007163          0.246930          0.308970          0.256900          0.017981          0.024298          0.019462
             86.00          0.172990          0.216700          0.175280          0.006426          0.008534          0.006117          0.229830          0.287490          0.236350          0.016716          0.022091          0.016584
             87.00          0.160930          0.201520          0.160940          0.006092          0.007913          0.005292          0.213700          0.267230          0.217010          0.015883          0.020478          0.014321
             88.00          0.149640          0.187290          0.147530          0.005884          0.007472          0.004659          0.198600          0.248220          0.198910          0.015395          0.019358          0.012592
             89.00          0.139130          0.174020          0.135050          0.005774          0.007174          0.004191          0.184560          0.230500          0.182090          0.015173          0.018633          0.011320
             90.00          0.129410          0.161710          0.123510          0.005735          0.006988          0.003861          0.171580          0.214080          0.166530          0.015140          0.018210          0.010428
             91.00          0.120470          0.150370          0.112900          0.005742          0.006884          0.003643          0.159650          0.198960          0.152230          0.015230          0.018007          0.009846
             92.00          0.112300          0.139970          0.103200          0.005775          0.006833          0.003512          0.148740          0.185100          0.139150          0.015384          0.017947          0.009507
             93.00          0.104850          0.130480          0.094379          0.005816          0.006814          0.003447          0.138820          0.172450          0.127270          0.015554          0.017968          0.009352
             94.00          0.098093          0.121840          0.086396          0.005849          0.006805          0.003430          0.129820          0.160950          0.116510          0.015698          0.018016          0.009330
             95.00          0.091975          0.114000          0.079203          0.005864          0.006792          0.003444          0.121680          0.150520          0.106820          0.015786          0.018046          0.009395
             96.00          0.086441          0.106900          0.072746          0.005852          0.006762          0.003476          0.114310          0.141070          0.098120          0.015795          0.018025          0.009510
             97.00          0.081437          0.100470          0.066967          0.005808          0.006707          0.003514          0.107660          0.132520          0.090333          0.015711          0.017928          0.009644
             98.00          0.076905          0.094636          0.061810          0.005729          0.006619          0.003551          0.101630          0.124770          0.083381          0.015524          0.017741          0.009773
             99.00          0.072793          0.089344          0.057214          0.005613          0.006497          0.003578          0.096171          0.117730          0.077186          0.015233          0.017453          0.009879
            100.00          0.069049          0.084527          0.053124          0.005461          0.006339          0.003592          0.091199          0.111330          0.071673          0.014841          0.017063          0.009948
            101.00          0.065626          0.080125          0.049487          0.005276          0.006146          0.003589          0.086658          0.105490          0.066770          0.014353          0.016573          0.009971
            102.00          0.062481          0.076086          0.046251          0.005061          0.005920          0.003568          0.082489          0.100130          0.062410          0.013781          0.015989          0.009943
            103.00          0.059573          0.072359          0.043369          0.004821          0.005665          0.003528          0.078640          0.095189          0.058531          0.013135          0.015323          0.009862
            104.00          0.056867          0.068899          0.040797          0.004560          0.005385          0.003470          0.075060          0.090607          0.055072          0.012429          0.014586          0.009728
            105.00          0.054327          0.065663          0.038493          0.004282          0.005086          0.003393          0.071705          0.086326          0.051979          0.011677          0.013791          0.009545
            106.00          0.051924          0.062614          0.036418          0.003994          0.004773          0.003301          0.068533          0.082296          0.049199          0.010893          0.012955          0.009314
            107.00          0.049630          0.059716          0.034537          0.003701          0.004450          0.003194          0.065505          0.078470          0.046683          0.010093          0.012090          0.009042
            108.00          0.047421          0.056940          0.032816          0.003406          0.004123          0.003076          0.062588          0.074805          0.044386          0.009288          0.011211          0.008734
            109.00          0.045276          0.054260          0.031227          0.003114          0.003796          0.002947          0.059755          0.071266          0.042268          0.008491          0.010332          0.008396
            110.00          0.043181          0.051655          0.029743          0.002829          0.003474          0.002811          0.056984          0.067825          0.040291          0.007714          0.009464          0.008034
            111.00          0.041123          0.049110          0.028343          0.002554          0.003160          0.002669          0.054260          0.064461          0.038427          0.006965          0.008618          0.007654
            112.00          0.039098          0.046613          0.027007          0.002293          0.002859          0.002523          0.051574          0.061161          0.036650          0.006251          0.007803          0.007261
            113.00          0.037101          0.044161          0.025723          0.002047          0.002572          0.002376          0.048925          0.057916          0.034940          0.005580          0.007027          0.006860
            114.00          0.035136          0.041752          0.024481          0.001817          0.002302          0.002229          0.046316          0.054729          0.033285          0.004954          0.006296          0.006457
            115.00          0.033207          0.039390          0.023274          0.001605          0.002049          0.002083          0.043753          0.051602          0.031676          0.004378          0.005612          0.006054
            116.00          0.031320          0.037080          0.022098          0.001412          0.001816          0.001940          0.041246          0.048545          0.030109          0.003852          0.004980          0.005657
            117.00          0.029482          0.034829          0.020952          0.001237          0.001602          0.001801          0.038804          0.045568          0.028581          0.003375          0.004399          0.005268
            118.00          0.027699          0.032644          0.019836          0.001081          0.001408          0.001667          0.036438          0.042680          0.027094          0.002948          0.003871          0.004890
            119.00          0.025979          0.030532          0.018751          0.000941          0.001233          0.001538          0.034155          0.039890          0.025649          0.002568          0.003393          0.004525
            120.00          0.024325          0.028499          0.017698          0.000818          0.001076          0.001414          0.031961          0.037206          0.024247          0.002232          0.002964          0.004174
            121.00          0.022741          0.026550          0.016679          0.000711          0.000936          0.001298          0.029860          0.034634          0.022889          0.001938          0.002583          0.003840
            122.00          0.021230          0.024687          0.015694          0.000618          0.000813          0.001187          0.027855          0.032176          0.021577          0.001682          0.002245          0.003522
            123.00          0.019793          0.022912          0.014744          0.000538          0.000706          0.001084          0.025948          0.029834          0.020311          0.001462          0.001949          0.003222
            124.00          0.018432          0.021228          0.013829          0.000469          0.000612          0.000988          0.024139          0.027612          0.019090          0.001273          0.001691          0.002941
            125.00          0.017148          0.019636          0.012949          0.000412          0.000532          0.000898          0.022430          0.025509          0.017914          0.001113          0.001468          0.002678
            126.00          0.015941          0.018136          0.012106          0.000364          0.000463          0.000816          0.020824          0.023527          0.016784          0.000979          0.001277          0.002434
            127.00          0.014814          0.016730          0.011299          0.000324          0.000405          0.000740          0.019322          0.021668          0.015700          0.000869          0.001116          0.002208
            128.00          0.013767          0.015419          0.010530          0.000292          0.000357          0.000671          0.017928          0.019935          0.014663          0.000779          0.000981          0.002001
            129.00          0.012803          0.014204          0.009800          0.000267          0.000317          0.000608          0.016643          0.018329          0.013675          0.000708          0.000871          0.001813
            130.00          0.011921          0.013085          0.009111          0.000248          0.000286          0.000552          0.015469          0.016850          0.012739          0.000654          0.000783          0.001643
            131.00          0.011121          0.012061          0.008462          0.000234          0.000261          0.000502          0.014406          0.015499          0.011856          0.000615          0.000715          0.001491
            132.00          0.010401          0.011130          0.007857          0.000225          0.000243          0.000457          0.013452          0.014273          0.011029          0.000589          0.000665          0.001356
            133.00          0.009757          0.010289          0.007295          0.000219          0.000230          0.000418          0.012602          0.013167          0.010260          0.000575          0.000631          0.001237
            134.00          0.009185          0.009532          0.006776          0.000217          0.000221          0.000385          0.011848          0.012175          0.009549          0.000570          0.000610          0.001135
            135.00          0.008678          0.008853          0.006299          0.000218          0.000217          0.000356          0.011184          0.011288          0.008895          0.000574          0.000602          0.001047
            136.00          0.008230          0.008246          0.005864          0.000221          0.000216          0.000332          0.010598          0.010496          0.008297          0.000586          0.000603          0.000973
            137.00          0.007835          0.007703          0.005469          0.000226          0.000218          0.000312          0.010082          0.009789          0.007753          0.000603          0.000613          0.000912
            138.00          0.007484          0.007216          0.005110          0.000233          0.000223          0.000295          0.009627          0.009156          0.007258          0.000624          0.000630          0.000863
            139.00          0.007174          0.006779          0.004785          0.000241          0.000228          0.000282          0.009223          0.008590          0.006810          0.000648          0.000651          0.000824
            140.00          0.006898          0.006387          0.004491          0.000249          0.000235          0.000272          0.008865          0.008080          0.006404          0.000674          0.000675          0.000794
            141.00          0.006652          0.006033          0.004226          0.000257          0.000243          0.000265          0.008546          0.007623          0.006036          0.000701          0.000700          0.000772
            142.00          0.006434          0.005715          0.003987          0.000265          0.000250          0.000260          0.008264          0.007211          0.005703          0.000728          0.000726          0.000757
            143.00          0.006241          0.005429          0.003771          0.000273          0.000257          0.000256          0.008015          0.006841          0.005403          0.000753          0.000751          0.000747
            144.00          0.006070          0.005173          0.003578          0.000280          0.000263          0.000254          0.007796          0.006511          0.005132          0.000777          0.000775          0.000741
            145.00          0.005921          0.004944          0.003406          0.000286          0.000269          0.000252          0.007606          0.006217          0.004889          0.000798          0.000795          0.000739
            146.00          0.005790          0.004740          0.003253          0.000292          0.000273          0.000252          0.007441          0.005956          0.004674          0.000817          0.000812          0.000740
            147.00          0.005676          0.004559          0.003119          0.000296          0.000276          0.000252          0.007298          0.005726          0.004485          0.000834          0.000825          0.000743
            148.00          0.005575          0.004398          0.003003          0.000300          0.000278          0.000253          0.007173          0.005523          0.004322          0.000848          0.000834          0.000747
            149.00          0.005484          0.004254          0.002903          0.000302          0.000278          0.000254          0.007062          0.005342          0.004183          0.000860          0.000840          0.000753
            150.00          0.005402          0.004125          0.002819          0.000304          0.000278          0.000255          0.006959          0.005180          0.004066          0.000870          0.000842          0.000760
            151.00          0.005324          0.004008          0.002749          0.000306          0.000276          0.000256          0.006862          0.005033          0.003971          0.000878          0.000840          0.000767
            152.00          0.005248          0.003900          0.002691          0.000307          0.000273          0.000258          0.006766          0.004898          0.003893          0.000887          0.000837          0.000775
            153.00          0.005174          0.003802          0.002644          0.000309          0.000270          0.000259          0.006670          0.004772          0.003832          0.000895          0.000832          0.000784
            154.00          0.005100          0.003712          0.002606          0.000311          0.000267          0.000261          0.006573          0.004656          0.003784          0.000904          0.000826          0.000793
            155.00          0.005027          0.003630          0.002575          0.000313          0.000264          0.000264          0.006475          0.004548          0.003746          0.000916          0.000821          0.000803
            156.00          0.004957          0.003556          0.002550          0.000317          0.000262          0.000266          0.006377          0.004451          0.003718          0.000930          0.000817          0.000813
            157.00          0.004889          0.003493          0.002530          0.000323          0.000261          0.000269          0.006284          0.004367          0.003696          0.000948          0.000815          0.000824
            158.00          0.004827          0.003442          0.002514          0.000330          0.000261          0.000273          0.006195          0.004296          0.003681          0.000971          0.000817          0.000837
            159.00          0.004771          0.003402          0.002503          0.000340          0.000263          0.000277          0.006115          0.004241          0.003672          0.001000          0.000824          0.000850
            160.00          0.004722          0.003375          0.002496          0.000352          0.000268          0.000282          0.006044          0.004203          0.003670          0.001035          0.000837          0.000865
            161.00          0.004680          0.003361          0.002494          0.000367          0.000275          0.000287          0.005982          0.004181          0.003674          0.001077          0.000856          0.000881
            162.00          0.004646          0.003359          0.002496          0.000385          0.000284          0.000294          0.005930          0.004176          0.003686          0.001127          0.000882          0.000900
            163.00          0.004618          0.003368          0.002504          0.000406          0.000297          0.000301          0.005887          0.004184          0.003706          0.001185          0.000916          0.000920
            164.00          0.004594          0.003386          0.002516          0.000430          0.000312          0.000309          0.005849          0.004205          0.003733          0.001251          0.000958          0.000943
            165.00          0.004574          0.003411          0.002532          0.000456          0.000330          0.000319          0.005816          0.004234          0.003768          0.001324          0.001008          0.000968
            166.00          0.004556          0.003441          0.002552          0.000485          0.000351          0.000329          0.005785          0.004270          0.003809          0.001405          0.001065          0.000996
            167.00          0.004540          0.003475          0.002575          0.000516          0.000374          0.000340          0.005755          0.004310          0.003853          0.001492          0.001129          0.001026
            168.00          0.004524          0.003511          0.002598          0.000549          0.000399          0.000352          0.005725          0.004352          0.003899          0.001584          0.001199          0.001058
            169.00          0.004509          0.003548          0.002622          0.000583          0.000425          0.000364          0.005696          0.004395          0.003944          0.001680          0.001273          0.001092
            170.00          0.004495          0.003585          0.002642          0.000618          0.000452          0.000377          0.005667          0.004439          0.003985          0.001778          0.001351          0.001126
            171.00          0.004483          0.003623          0.002660          0.000653          0.000480          0.000389          0.005641          0.004482          0.004019          0.001875          0.001429          0.001161
            172.00          0.004472          0.003661          0.002674          0.000686          0.000507          0.000401          0.005617          0.004525          0.004047          0.001971          0.001507          0.001195
            173.00          0.004464          0.003697          0.002683          0.000719          0.000534          0.000413          0.005597          0.004567          0.004066          0.002062          0.001582          0.001228
            174.00          0.004459          0.003733          0.002688          0.000748          0.000558          0.000424          0.005582          0.004608          0.004078          0.002147          0.001653          0.001259
            175.00          0.004456          0.003766          0.002690          0.000775          0.000580          0.000434          0.005571          0.004646          0.004082          0.002223          0.001716          0.001286
            176.00          0.004455          0.003795          0.002688          0.000797          0.000599          0.000442          0.005564          0.004681          0.004081          0.002288          0.001771          0.001310
            177.00          0.004456          0.003820          0.002685          0.000816          0.000614          0.000449          0.005560          0.004710          0.004077          0.002341          0.001815          0.001330
            178.00          0.004457          0.003838          0.002682          0.000829          0.000625          0.000454          0.005559          0.004732          0.004073          0.002380          0.001848          0.001344
            179.00          0.004458          0.003850          0.002680          0.000837          0.000632          0.000457          0.005558          0.004746          0.004069          0.002403          0.001868          0.001353
