            angle	Ex=2.938(p:Menet,d:DCV)	Ex=2.938(p:KD,d:DCV)	Ex=2.938(p:Varmar,d:DCV)	Ex=2.938(p:BG,d:DCV(re))	Ex=2.938(p:Menet,d:LH)	Ex=2.938(p:Menet,d:DCV(nonREL))	Ex=2.938(p:Menet,d:AC)	Ex=2.938(p:Menet,d:Custom)	
             5.00	        35.565000	        39.243000	        38.869000	        38.143000	        26.059000	        35.323000	        35.045000	        16.242000	
             5.10	        35.333000	        38.999000	        38.624000	        37.903000	        25.871000	        35.092000	        34.815000	        16.112000	
             5.20	        35.099000	        38.750000	        38.376000	        37.659000	        25.680000	        34.858000	        34.582000	        15.981000	
             5.30	        34.861000	        38.498000	        38.124000	        37.411000	        25.487000	        34.620000	        34.346000	        15.848000	
             5.40	        34.620000	        38.243000	        37.869000	        37.161000	        25.291000	        34.380000	        34.106000	        15.713000	
             5.50	        34.377000	        37.985000	        37.611000	        36.907000	        25.093000	        34.136000	        33.864000	        15.577000	
             5.60	        34.130000	        37.724000	        37.350000	        36.651000	        24.893000	        33.890000	        33.619000	        15.439000	
             5.70	        33.880000	        37.459000	        37.086000	        36.391000	        24.691000	        33.641000	        33.370000	        15.300000	
             5.80	        33.628000	        37.192000	        36.819000	        36.128000	        24.486000	        33.389000	        33.119000	        15.159000	
             5.90	        33.373000	        36.921000	        36.549000	        35.863000	        24.279000	        33.134000	        32.866000	        15.017000	
             6.00	        33.115000	        36.648000	        36.276000	        35.594000	        24.071000	        32.877000	        32.610000	        14.874000	
             6.10	        32.855000	        36.372000	        36.000000	        35.323000	        23.860000	        32.617000	        32.351000	        14.729000	
             6.20	        32.592000	        36.093000	        35.721000	        35.050000	        23.648000	        32.354000	        32.090000	        14.584000	
             6.30	        32.327000	        35.812000	        35.440000	        34.774000	        23.433000	        32.090000	        31.826000	        14.437000	
             6.40	        32.060000	        35.528000	        35.157000	        34.495000	        23.217000	        31.823000	        31.560000	        14.289000	
             6.50	        31.790000	        35.242000	        34.871000	        34.214000	        22.999000	        31.553000	        31.292000	        14.140000	
             6.60	        31.518000	        34.953000	        34.583000	        33.931000	        22.780000	        31.282000	        31.022000	        13.990000	
             6.70	        31.244000	        34.662000	        34.292000	        33.645000	        22.559000	        31.008000	        30.750000	        13.839000	
             6.80	        30.968000	        34.369000	        33.999000	        33.358000	        22.337000	        30.733000	        30.475000	        13.688000	
             6.90	        30.690000	        34.074000	        33.705000	        33.068000	        22.113000	        30.455000	        30.199000	        13.535000	
             7.00	        30.411000	        33.777000	        33.408000	        32.776000	        21.888000	        30.176000	        29.921000	        13.382000	
             7.10	        30.129000	        33.478000	        33.109000	        32.483000	        21.661000	        29.895000	        29.642000	        13.228000	
             7.20	        29.846000	        33.177000	        32.808000	        32.188000	        21.434000	        29.613000	        29.360000	        13.073000	
             7.30	        29.561000	        32.874000	        32.506000	        31.890000	        21.205000	        29.328000	        29.077000	        12.917000	
             7.40	        29.275000	        32.569000	        32.202000	        31.592000	        20.975000	        29.042000	        28.793000	        12.761000	
             7.50	        28.987000	        32.263000	        31.896000	        31.291000	        20.744000	        28.755000	        28.507000	        12.605000	
             7.60	        28.698000	        31.956000	        31.589000	        30.990000	        20.512000	        28.467000	        28.220000	        12.448000	
             7.70	        28.408000	        31.646000	        31.280000	        30.687000	        20.280000	        28.177000	        27.931000	        12.290000	
             7.80	        28.117000	        31.336000	        30.971000	        30.382000	        20.046000	        27.886000	        27.642000	        12.133000	
             7.90	        27.824000	        31.024000	        30.659000	        30.076000	        19.812000	        27.594000	        27.351000	        11.974000	
             8.00	        27.530000	        30.711000	        30.347000	        29.770000	        19.577000	        27.301000	        27.059000	        11.816000	
             8.10	        27.235000	        30.397000	        30.033000	        29.462000	        19.342000	        27.006000	        26.767000	        11.657000	
             8.20	        26.940000	        30.082000	        29.719000	        29.153000	        19.106000	        26.711000	        26.473000	        11.498000	
             8.30	        26.644000	        29.766000	        29.403000	        28.843000	        18.870000	        26.416000	        26.179000	        11.339000	
             8.40	        26.347000	        29.450000	        29.087000	        28.532000	        18.633000	        26.119000	        25.884000	        11.180000	
             8.50	        26.049000	        29.132000	        28.770000	        28.221000	        18.396000	        25.822000	        25.588000	        11.021000	
             8.60	        25.751000	        28.814000	        28.452000	        27.909000	        18.159000	        25.524000	        25.292000	        10.862000	
             8.70	        25.452000	        28.495000	        28.134000	        27.596000	        17.921000	        25.226000	        24.995000	        10.703000	
             8.80	        25.153000	        28.175000	        27.815000	        27.283000	        17.684000	        24.928000	        24.698000	        10.544000	
             8.90	        24.853000	        27.855000	        27.495000	        26.970000	        17.446000	        24.629000	        24.401000	        10.385000	
             9.00	        24.553000	        27.535000	        27.176000	        26.656000	        17.209000	        24.329000	        24.104000	        10.227000	
             9.10	        24.254000	        27.214000	        26.856000	        26.342000	        16.971000	        24.030000	        23.806000	        10.068000	
             9.20	        23.953000	        26.894000	        26.536000	        26.027000	        16.734000	        23.731000	        23.508000	         9.910400	
             9.30	        23.653000	        26.573000	        26.215000	        25.713000	        16.497000	        23.431000	        23.210000	         9.752700	
             9.40	        23.353000	        26.252000	        25.895000	        25.398000	        16.260000	        23.132000	        22.913000	         9.595400	
             9.50	        23.054000	        25.930000	        25.574000	        25.084000	        16.023000	        22.833000	        22.615000	         9.438500	
             9.60	        22.754000	        25.610000	        25.254000	        24.769000	        15.787000	        22.534000	        22.318000	         9.282000	
             9.70	        22.454000	        25.289000	        24.934000	        24.455000	        15.551000	        22.235000	        22.021000	         9.126100	
             9.80	        22.155000	        24.968000	        24.614000	        24.141000	        15.316000	        21.937000	        21.724000	         8.970800	
             9.90	        21.857000	        24.648000	        24.295000	        23.828000	        15.082000	        21.639000	        21.428000	         8.816100	
            10.00	        21.558000	        24.328000	        23.976000	        23.515000	        14.848000	        21.341000	        21.132000	         8.661900	
            10.10	        21.261000	        24.009000	        23.657000	        23.202000	        14.614000	        21.044000	        20.837000	         8.508500	
            10.20	        20.964000	        23.690000	        23.339000	        22.890000	        14.382000	        20.748000	        20.542000	         8.355800	
            10.30	        20.667000	        23.372000	        23.021000	        22.578000	        14.150000	        20.452000	        20.248000	         8.203900	
            10.40	        20.372000	        23.054000	        22.705000	        22.268000	        13.919000	        20.157000	        19.955000	         8.052800	
            10.50	        20.077000	        22.738000	        22.389000	        21.958000	        13.690000	        19.863000	        19.663000	         7.902500	
            10.60	        19.783000	        22.422000	        22.073000	        21.648000	        13.461000	        19.570000	        19.371000	         7.753000	
            10.70	        19.490000	        22.107000	        21.759000	        21.340000	        13.233000	        19.278000	        19.081000	         7.604500	
            10.80	        19.198000	        21.792000	        21.446000	        21.033000	        13.006000	        18.987000	        18.792000	         7.457000	
            10.90	        18.908000	        21.479000	        21.133000	        20.726000	        12.780000	        18.697000	        18.503000	         7.310400	
            11.00	        18.618000	        21.167000	        20.822000	        20.421000	        12.556000	        18.408000	        18.216000	         7.164900	
            11.10	        18.329000	        20.856000	        20.512000	        20.117000	        12.332000	        18.120000	        17.931000	         7.020400	
            11.20	        18.042000	        20.547000	        20.203000	        19.814000	        12.110000	        17.834000	        17.646000	         6.877000	
            11.30	        17.756000	        20.238000	        19.896000	        19.512000	        11.890000	        17.549000	        17.363000	         6.734700	
            11.40	        17.472000	        19.931000	        19.590000	        19.212000	        11.671000	        17.265000	        17.081000	         6.593600	
            11.50	        17.189000	        19.626000	        19.285000	        18.913000	        11.453000	        16.983000	        16.800000	         6.453600	
            11.60	        16.907000	        19.322000	        18.982000	        18.616000	        11.236000	        16.702000	        16.522000	         6.314900	
            11.70	        16.627000	        19.019000	        18.680000	        18.320000	        11.021000	        16.423000	        16.244000	         6.177400	
            11.80	        16.348000	        18.718000	        18.380000	        18.026000	        10.808000	        16.145000	        15.969000	         6.041200	
            11.90	        16.072000	        18.418000	        18.081000	        17.733000	        10.596000	        15.869000	        15.695000	         5.906300	
            12.00	        15.797000	        18.120000	        17.784000	        17.442000	        10.386000	        15.595000	        15.422000	         5.772700	
            12.10	        15.523000	        17.824000	        17.489000	        17.153000	        10.178000	        15.323000	        15.152000	         5.640400	
            12.20	        15.252000	        17.530000	        17.196000	        16.865000	         9.971400	        15.052000	        14.883000	         5.509600	
            12.30	        14.982000	        17.238000	        16.904000	        16.579000	         9.766600	        14.783000	        14.616000	         5.380100	
            12.40	        14.714000	        16.947000	        16.615000	        16.296000	         9.563500	        14.516000	        14.351000	         5.252100	
            12.50	        14.448000	        16.658000	        16.327000	        16.014000	         9.362200	        14.251000	        14.088000	         5.125600	
            12.60	        14.184000	        16.372000	        16.041000	        15.734000	         9.162900	        13.988000	        13.827000	         5.000500	
            12.70	        13.923000	        16.087000	        15.758000	        15.456000	         8.965400	        13.728000	        13.568000	         4.876900	
            12.80	        13.663000	        15.805000	        15.476000	        15.180000	         8.769800	        13.469000	        13.311000	         4.754800	
            12.90	        13.405000	        15.524000	        15.197000	        14.906000	         8.576300	        13.212000	        13.057000	         4.634200	
            13.00	        13.150000	        15.246000	        14.920000	        14.635000	         8.384700	        12.958000	        12.804000	         4.515200	
            13.10	        12.897000	        14.970000	        14.645000	        14.365000	         8.195200	        12.705000	        12.554000	         4.397800	
            13.20	        12.646000	        14.696000	        14.372000	        14.098000	         8.007700	        12.455000	        12.306000	         4.282000	
            13.30	        12.397000	        14.425000	        14.102000	        13.833000	         7.822300	        12.208000	        12.060000	         4.167800	
            13.40	        12.150000	        14.156000	        13.834000	        13.571000	         7.639100	        11.962000	        11.816000	         4.055200	
            13.50	        11.906000	        13.889000	        13.568000	        13.310000	         7.457900	        11.719000	        11.575000	         3.944200	
            13.60	        11.665000	        13.625000	        13.305000	        13.053000	         7.279000	        11.478000	        11.336000	         3.834900	
            13.70	        11.425000	        13.363000	        13.044000	        12.797000	         7.102200	        11.240000	        11.100000	         3.727200	
            13.80	        11.188000	        13.103000	        12.786000	        12.544000	         6.927600	        11.004000	        10.866000	         3.621300	
            13.90	        10.954000	        12.846000	        12.530000	        12.294000	         6.755300	        10.771000	        10.635000	         3.517000	
            14.00	        10.722000	        12.592000	        12.277000	        12.046000	         6.585200	        10.540000	        10.406000	         3.414400	
            14.10	        10.493000	        12.340000	        12.026000	        11.800000	         6.417400	        10.312000	        10.180000	         3.313500	
            14.20	        10.266000	        12.091000	        11.778000	        11.557000	         6.251900	        10.086000	         9.955800	         3.214400	
            14.30	        10.042000	        11.844000	        11.533000	        11.317000	         6.088600	         9.862800	         9.734500	         3.116900	
            14.40	         9.819900	        11.600000	        11.290000	        11.079000	         5.927700	         9.642200	         9.515900	         3.021200	
            14.50	         9.600800	        11.359000	        11.050000	        10.844000	         5.769200	         9.424300	         9.299900	         2.927200	
            14.60	         9.384400	        11.120000	        10.812000	        10.612000	         5.613000	         9.209000	         9.086500	         2.835000	
            14.70	         9.170700	        10.884000	        10.578000	        10.382000	         5.459100	         8.996400	         8.875800	         2.744600	
            14.80	         8.959600	        10.651000	        10.346000	        10.155000	         5.307600	         8.786400	         8.667800	         2.655800	
            14.90	         8.751200	        10.421000	        10.117000	         9.930500	         5.158600	         8.579200	         8.462500	         2.568900	
            15.00	         8.545600	        10.193000	         9.890100	         9.709000	         5.011900	         8.374600	         8.259900	         2.483700	
            15.10	         8.342600	         9.968200	         9.666600	         9.490200	         4.867600	         8.172900	         8.060100	         2.400200	
            15.20	         8.142500	         9.746200	         9.445900	         9.274100	         4.725700	         7.973800	         7.863000	         2.318600	
            15.30	         7.945000	         9.527000	         9.228000	         9.060900	         4.586300	         7.777600	         7.668600	         2.238700	
            15.40	         7.750400	         9.310600	         9.013000	         8.850400	         4.449200	         7.584100	         7.477000	         2.160500	
            15.50	         7.558500	         9.097200	         8.800800	         8.642800	         4.314600	         7.393400	         7.288200	         2.084100	
            15.60	         7.369400	         8.886500	         8.591500	         8.438000	         4.182500	         7.205400	         7.102200	         2.009500	
            15.70	         7.183100	         8.678800	         8.385100	         8.236100	         4.052700	         7.020300	         6.918900	         1.936600	
            15.80	         6.999600	         8.474000	         8.181700	         8.036900	         3.925400	         6.838000	         6.738500	         1.865500	
            15.90	         6.818900	         8.272100	         7.981100	         7.840700	         3.800600	         6.658600	         6.560900	         1.796200	
            16.00	         6.641000	         8.073000	         7.783400	         7.647300	         3.678200	         6.481900	         6.386100	         1.728600	
            16.10	         6.466000	         7.876900	         7.588700	         7.456800	         3.558200	         6.308100	         6.214100	         1.662700	
            16.20	         6.293700	         7.683700	         7.396900	         7.269100	         3.440600	         6.137100	         6.045000	         1.598500	
            16.30	         6.124300	         7.493500	         7.208000	         7.084300	         3.325500	         5.968900	         5.878600	         1.536100	
            16.40	         5.957700	         7.306100	         7.022000	         6.902400	         3.212800	         5.803500	         5.715100	         1.475500	
            16.50	         5.794000	         7.121700	         6.839000	         6.723400	         3.102600	         5.641000	         5.554400	         1.416500	
            16.60	         5.633100	         6.940200	         6.659000	         6.547200	         2.994700	         5.481300	         5.396600	         1.359200	
            16.70	         5.475000	         6.761700	         6.481800	         6.373900	         2.889300	         5.324500	         5.241500	         1.303600	
            16.80	         5.319700	         6.586100	         6.307600	         6.203500	         2.786200	         5.170500	         5.089300	         1.249800	
            16.90	         5.167200	         6.413400	         6.136400	         6.036000	         2.685600	         5.019300	         4.939900	         1.197500	
            17.00	         5.017500	         6.243600	         5.968100	         5.871400	         2.587300	         4.870900	         4.793200	         1.147000	
            17.10	         4.870700	         6.076800	         5.802700	         5.709600	         2.491500	         4.725300	         4.649400	         1.098100	
            17.20	         4.726600	         5.912800	         5.640200	         5.550700	         2.398000	         4.582500	         4.508400	         1.050900	
            17.30	         4.585300	         5.751800	         5.480600	         5.394600	         2.306800	         4.442500	         4.370200	         1.005300	
            17.40	         4.446800	         5.593700	         5.324000	         5.241400	         2.218000	         4.305400	         4.234700	         0.961260	
            17.50	         4.311100	         5.438500	         5.170300	         5.091000	         2.131500	         4.170900	         4.102000	         0.918870	
            17.60	         4.178200	         5.286200	         5.019400	         4.943400	         2.047400	         4.039300	         3.972000	         0.878060	
            17.70	         4.048000	         5.136700	         4.871400	         4.798700	         1.965500	         3.910400	         3.844800	         0.838830	
            17.80	         3.920500	         4.990100	         4.726400	         4.656800	         1.886000	         3.784200	         3.720300	         0.801170	
            17.90	         3.795700	         4.846400	         4.584100	         4.517700	         1.808700	         3.660800	         3.598600	         0.765040	
            18.00	         3.673700	         4.705500	         4.444800	         4.381300	         1.733600	         3.540100	         3.479500	         0.730450	
            18.10	         3.554400	         4.567500	         4.308200	         4.247800	         1.660800	         3.422100	         3.363100	         0.697370	
            18.20	         3.437700	         4.432200	         4.174500	         4.117000	         1.590300	         3.306800	         3.249400	         0.665790	
            18.30	         3.323700	         4.299800	         4.043600	         3.988900	         1.521900	         3.194200	         3.138400	         0.635680	
            18.40	         3.212400	         4.170200	         3.915500	         3.863600	         1.455700	         3.084200	         3.030000	         0.607040	
            18.50	         3.103700	         4.043300	         3.790200	         3.741000	         1.391700	         2.976800	         2.924200	         0.579850	
            18.60	         2.997600	         3.919200	         3.667600	         3.621100	         1.329800	         2.872100	         2.821000	         0.554080	
            18.70	         2.894100	         3.797800	         3.547800	         3.503800	         1.270100	         2.769900	         2.720400	         0.529710	
            18.80	         2.793200	         3.679200	         3.430600	         3.389200	         1.212400	         2.670400	         2.622400	         0.506740	
            18.90	         2.694800	         3.563200	         3.316300	         3.277300	         1.156900	         2.573400	         2.526900	         0.485140	
            19.00	         2.599000	         3.450000	         3.204500	         3.168000	         1.103400	         2.478900	         2.433900	         0.464880	
            19.10	         2.505700	         3.339400	         3.095500	         3.061200	         1.051900	         2.387000	         2.343400	         0.445960	
            19.20	         2.414900	         3.231400	         2.989100	         2.957100	         1.002500	         2.297500	         2.255400	         0.428350	
            19.30	         2.326500	         3.126100	         2.885300	         2.855500	         0.955020	         2.210500	         2.169900	         0.412030	
            19.40	         2.240600	         3.023300	         2.784200	         2.756400	         0.909540	         2.126000	         2.086800	         0.396980	
            19.50	         2.157100	         2.923200	         2.685600	         2.659900	         0.866000	         2.043900	         2.006000	         0.383170	
            19.60	         2.076000	         2.825600	         2.589500	         2.565900	         0.824390	         1.964200	         1.927700	         0.370600	
            19.70	         1.997300	         2.730500	         2.496000	         2.474300	         0.784660	         1.886900	         1.851800	         0.359230	
            19.80	         1.920900	         2.637900	         2.405000	         2.385100	         0.746810	         1.811900	         1.778100	         0.349050	
            19.90	         1.846900	         2.547800	         2.316500	         2.298400	         0.710790	         1.739200	         1.706800	         0.340030	
            20.00	         1.775100	         2.460200	         2.230400	         2.214100	         0.676600	         1.668900	         1.637700	         0.332150	
            20.10	         1.705600	         2.374900	         2.146800	         2.132100	         0.644200	         1.600800	         1.570900	         0.325390	
            20.20	         1.638400	         2.292100	         2.065600	         2.052500	         0.613550	         1.535000	         1.506400	         0.319730	
            20.30	         1.573400	         2.211700	         1.986700	         1.975200	         0.584650	         1.471300	         1.444000	         0.315140	
            20.40	         1.510600	         2.133600	         1.910300	         1.900100	         0.557460	         1.409900	         1.383800	         0.311610	
            20.50	         1.449900	         2.057800	         1.836100	         1.827400	         0.531940	         1.350600	         1.325700	         0.309110	
            20.60	         1.391300	         1.984400	         1.764200	         1.756800	         0.508080	         1.293500	         1.269800	         0.307620	
            20.70	         1.334900	         1.913200	         1.694600	         1.688500	         0.485850	         1.238400	         1.215900	         0.307110	
            20.80	         1.280500	         1.844200	         1.627200	         1.622300	         0.465210	         1.185500	         1.164100	         0.307560	
            20.90	         1.228200	         1.777400	         1.562100	         1.558300	         0.446150	         1.134500	         1.114300	         0.308960	
            21.00	         1.177900	         1.712800	         1.499100	         1.496400	         0.428620	         1.085600	         1.066500	         0.311270	
            21.10	         1.129600	         1.650400	         1.438300	         1.436600	         0.412610	         1.038700	         1.020600	         0.314470	
            21.20	         1.083200	         1.590100	         1.379600	         1.378800	         0.398070	         0.993750	         0.976730	         0.318540	
            21.30	         1.038700	         1.531900	         1.322900	         1.323100	         0.385000	         0.950710	         0.934730	         0.323470	
            21.40	         0.996190	         1.475700	         1.268400	         1.269300	         0.373340	         0.909560	         0.894610	         0.329210	
            21.50	         0.955500	         1.421600	         1.215900	         1.217600	         0.363080	         0.870270	         0.856320	         0.335760	
            21.60	         0.916640	         1.369400	         1.165300	         1.167800	         0.354190	         0.832810	         0.819840	         0.343090	
            21.70	         0.879580	         1.319300	         1.116800	         1.119800	         0.346630	         0.797150	         0.785150	         0.351170	
            21.80	         0.844280	         1.271000	         1.070100	         1.073800	         0.340380	         0.763260	         0.752190	         0.359990	
            21.90	         0.810730	         1.224700	         1.025400	         1.029600	         0.335400	         0.731100	         0.720960	         0.369520	
            22.00	         0.778880	         1.180300	         0.982580	         0.987190	         0.331680	         0.700650	         0.691400	         0.379730	
            22.10	         0.748700	         1.137600	         0.941570	         0.946580	         0.329170	         0.671870	         0.663500	         0.390610	
            22.20	         0.720170	         1.096800	         0.902370	         0.907720	         0.327850	         0.644740	         0.637220	         0.402130	
            22.30	         0.693250	         1.057800	         0.864950	         0.870580	         0.327680	         0.619210	         0.612520	         0.414270	
            22.40	         0.667900	         1.020500	         0.829280	         0.835130	         0.328650	         0.595260	         0.589380	         0.427010	
            22.50	         0.644100	         0.984980	         0.795320	         0.801330	         0.330710	         0.572850	         0.567760	         0.440320	
            22.60	         0.621820	         0.951100	         0.763040	         0.769160	         0.333840	         0.551960	         0.547640	         0.454180	
            22.70	         0.601020	         0.918860	         0.732410	         0.738580	         0.338020	         0.532540	         0.528970	         0.468580	
            22.80	         0.581670	         0.888250	         0.703390	         0.709560	         0.343200	         0.514570	         0.511730	         0.483480	
            22.90	         0.563740	         0.859220	         0.675960	         0.682070	         0.349370	         0.498020	         0.495880	         0.498870	
            23.00	         0.547200	         0.831750	         0.650080	         0.656070	         0.356480	         0.482860	         0.481400	         0.514720	
            23.10	         0.532010	         0.805790	         0.625720	         0.631550	         0.364520	         0.469050	         0.468250	         0.531010	
            23.20	         0.518140	         0.781330	         0.602850	         0.608450	         0.373460	         0.456550	         0.456390	         0.547730	
            23.30	         0.505560	         0.758320	         0.581430	         0.586760	         0.383250	         0.445350	         0.445810	         0.564850	
            23.40	         0.494250	         0.736740	         0.561430	         0.566440	         0.393890	         0.435400	         0.436450	         0.582350	
            23.50	         0.484160	         0.716540	         0.542830	         0.547450	         0.405330	         0.426670	         0.428300	         0.600200	
            23.60	         0.475270	         0.697720	         0.525580	         0.529780	         0.417550	         0.419140	         0.421320	         0.618400	
            23.70	         0.467540	         0.680210	         0.509660	         0.513380	         0.430520	         0.412770	         0.415490	         0.636910	
            23.80	         0.460950	         0.664010	         0.495040	         0.498230	         0.444210	         0.407530	         0.410760	         0.655720	
            23.90	         0.455460	         0.649070	         0.481680	         0.484290	         0.458600	         0.403390	         0.407100	         0.674800	
            24.00	         0.451050	         0.635370	         0.469550	         0.471530	         0.473660	         0.400310	         0.404500	         0.694140	
            24.10	         0.447670	         0.622870	         0.458620	         0.459930	         0.489350	         0.398270	         0.402910	         0.713720	
            24.20	         0.445300	         0.611540	         0.448860	         0.449450	         0.505660	         0.397240	         0.402300	         0.733520	
            24.30	         0.443920	         0.601350	         0.440230	         0.440060	         0.522550	         0.397180	         0.402650	         0.753520	
            24.40	         0.443480	         0.592270	         0.432710	         0.431730	         0.540000	         0.398070	         0.403930	         0.773700	
            24.50	         0.443960	         0.584270	         0.426270	         0.424430	         0.557980	         0.399880	         0.406090	         0.794040	
            24.60	         0.445340	         0.577320	         0.420870	         0.418130	         0.576470	         0.402560	         0.409130	         0.814520	
            24.70	         0.447570	         0.571380	         0.416490	         0.412800	         0.595440	         0.406100	         0.412990	         0.835130	
            24.80	         0.450630	         0.566430	         0.413090	         0.408420	         0.614860	         0.410470	         0.417660	         0.855840	
            24.90	         0.454500	         0.562440	         0.410640	         0.404950	         0.634710	         0.415640	         0.423110	         0.876650	
            25.00	         0.459140	         0.559380	         0.409120	         0.402360	         0.654960	         0.421570	         0.429310	         0.897530	
            25.10	         0.464520	         0.557210	         0.408490	         0.400630	         0.675590	         0.428240	         0.436220	         0.918460	
            25.20	         0.470620	         0.555920	         0.408730	         0.399720	         0.696570	         0.435620	         0.443820	         0.939430	
            25.30	         0.477400	         0.555460	         0.409800	         0.399610	         0.717880	         0.443680	         0.452090	         0.960430	
            25.40	         0.484850	         0.555820	         0.411680	         0.400270	         0.739500	         0.452390	         0.460990	         0.981430	
            25.50	         0.492930	         0.556950	         0.414340	         0.401670	         0.761390	         0.461730	         0.470500	         1.002400	
            25.60	         0.501610	         0.558850	         0.417750	         0.403790	         0.783550	         0.471670	         0.480580	         1.023400	
            25.70	         0.510870	         0.561470	         0.421880	         0.406590	         0.805940	         0.482180	         0.491220	         1.044300	
            25.80	         0.520690	         0.564780	         0.426710	         0.410060	         0.828540	         0.493240	         0.502390	         1.065200	
            25.90	         0.531030	         0.568770	         0.432200	         0.414160	         0.851330	         0.504810	         0.514050	         1.086000	
            26.00	         0.541860	         0.573410	         0.438340	         0.418860	         0.874290	         0.516880	         0.526190	         1.106700	
            26.10	         0.553180	         0.578660	         0.445080	         0.424150	         0.897390	         0.529410	         0.538780	         1.127300	
            26.20	         0.564940	         0.584500	         0.452420	         0.429990	         0.920620	         0.542390	         0.551790	         1.147800	
            26.30	         0.577120	         0.590910	         0.460310	         0.436370	         0.943950	         0.555780	         0.565200	         1.168200	
            26.40	         0.589700	         0.597860	         0.468740	         0.443250	         0.967360	         0.569560	         0.578980	         1.188400	
            26.50	         0.602660	         0.605320	         0.477680	         0.450610	         0.990840	         0.583710	         0.593120	         1.208500	
            26.60	         0.615970	         0.613270	         0.487100	         0.458430	         1.014400	         0.598200	         0.607570	         1.228400	
            26.70	         0.629600	         0.621680	         0.496980	         0.466680	         1.037900	         0.613010	         0.622340	         1.248200	
            26.80	         0.643540	         0.630540	         0.507290	         0.475340	         1.061400	         0.628120	         0.637380	         1.267700	
            26.90	         0.657760	         0.639800	         0.518020	         0.484390	         1.085000	         0.643500	         0.652670	         1.287100	
            27.00	         0.672240	         0.649470	         0.529130	         0.493800	         1.108500	         0.659130	         0.668200	         1.306200	
            27.10	         0.686950	         0.659500	         0.540600	         0.503550	         1.131900	         0.674980	         0.683950	         1.325100	
            27.20	         0.701880	         0.669870	         0.552420	         0.513620	         1.155300	         0.691050	         0.699880	         1.343800	
            27.30	         0.717000	         0.680570	         0.564550	         0.523990	         1.178600	         0.707300	         0.715980	         1.362200	
            27.40	         0.732300	         0.691570	         0.576980	         0.534630	         1.201700	         0.723710	         0.732230	         1.380400	
            27.50	         0.747750	         0.702850	         0.589680	         0.545530	         1.224800	         0.740270	         0.748610	         1.398300	
            27.60	         0.763330	         0.714380	         0.602640	         0.556660	         1.247700	         0.756950	         0.765100	         1.416000	
            27.70	         0.779020	         0.726150	         0.615820	         0.568000	         1.270500	         0.773730	         0.781680	         1.433400	
            27.80	         0.794800	         0.738140	         0.629210	         0.579530	         1.293100	         0.790600	         0.798330	         1.450400	
            27.90	         0.810660	         0.750320	         0.642800	         0.591240	         1.315500	         0.807530	         0.815020	         1.467200	
            28.00	         0.826570	         0.762670	         0.656550	         0.603110	         1.337800	         0.824500	         0.831750	         1.483700	
            28.10	         0.842520	         0.775190	         0.670450	         0.615110	         1.359800	         0.841510	         0.848490	         1.499800	
            28.20	         0.858490	         0.787830	         0.684480	         0.627220	         1.381600	         0.858520	         0.865230	         1.515600	
            28.30	         0.874460	         0.800600	         0.698630	         0.639440	         1.403100	         0.875530	         0.881950	         1.531100	
            28.40	         0.890420	         0.813460	         0.712860	         0.651740	         1.424400	         0.892510	         0.898630	         1.546300	
            28.50	         0.906340	         0.826410	         0.727180	         0.664100	         1.445400	         0.909450	         0.915260	         1.561100	
            28.60	         0.922210	         0.839420	         0.741540	         0.676520	         1.466200	         0.926330	         0.931820	         1.575600	
            28.70	         0.938030	         0.852470	         0.755950	         0.688960	         1.486600	         0.943130	         0.948290	         1.589700	
            28.80	         0.953760	         0.865560	         0.770390	         0.701420	         1.506800	         0.959850	         0.964660	         1.603400	
            28.90	         0.969400	         0.878650	         0.784820	         0.713880	         1.526600	         0.976470	         0.980920	         1.616800	
            29.00	         0.984920	         0.891740	         0.799250	         0.726320	         1.546200	         0.992960	         0.997040	         1.629800	
            29.10	         1.000300	         0.904820	         0.813660	         0.738730	         1.565400	         1.009300	         1.013000	         1.642500	
            29.20	         1.015600	         0.917860	         0.828020	         0.751100	         1.584200	         1.025500	         1.028800	         1.654700	
            29.30	         1.030700	         0.930850	         0.842330	         0.763410	         1.602700	         1.041600	         1.044500	         1.666600	
            29.40	         1.045700	         0.943780	         0.856560	         0.775650	         1.620800	         1.057500	         1.060000	         1.678000	
            29.50	         1.060500	         0.956630	         0.870720	         0.787800	         1.638600	         1.073200	         1.075200	         1.689100	
            29.60	         1.075000	         0.969380	         0.884770	         0.799860	         1.656000	         1.088700	         1.090300	         1.699800	
            29.70	         1.089400	         0.982040	         0.898720	         0.811800	         1.673000	         1.103900	         1.105200	         1.710100	
            29.80	         1.103600	         0.994570	         0.912540	         0.823620	         1.689600	         1.119000	         1.119800	         1.719900	
            29.90	         1.117600	         1.007000	         0.926220	         0.835310	         1.705800	         1.133800	         1.134200	         1.729400	
            30.00	         1.131300	         1.019200	         0.939760	         0.846840	         1.721600	         1.148400	         1.148300	         1.738500	
            30.10	         1.144800	         1.031400	         0.953130	         0.858220	         1.736900	         1.162700	         1.162100	         1.747100	
            30.20	         1.158000	         1.043300	         0.966330	         0.869440	         1.751900	         1.176800	         1.175700	         1.755300	
            30.30	         1.171000	         1.055100	         0.979350	         0.880470	         1.766400	         1.190600	         1.189000	         1.763200	
            30.40	         1.183700	         1.066600	         0.992170	         0.891320	         1.780500	         1.204100	         1.202100	         1.770600	
            30.50	         1.196100	         1.078000	         1.004800	         0.901970	         1.794100	         1.217300	         1.214800	         1.777600	
            30.60	         1.208200	         1.089200	         1.017200	         0.912410	         1.807300	         1.230200	         1.227200	         1.784100	
            30.70	         1.220000	         1.100200	         1.029400	         0.922640	         1.820000	         1.242900	         1.239300	         1.790300	
            30.80	         1.231600	         1.110900	         1.041300	         0.932640	         1.832300	         1.255100	         1.251100	         1.796000	
            30.90	         1.242800	         1.121400	         1.053000	         0.942410	         1.844200	         1.267100	         1.262500	         1.801300	
            31.00	         1.253700	         1.131600	         1.064500	         0.951950	         1.855500	         1.278800	         1.273600	         1.806200	
            31.10	         1.264200	         1.141600	         1.075700	         0.961230	         1.866400	         1.290100	         1.284400	         1.810700	
            31.20	         1.274500	         1.151400	         1.086600	         0.970260	         1.876900	         1.301000	         1.294800	         1.814800	
            31.30	         1.284400	         1.160900	         1.097300	         0.979030	         1.886800	         1.311600	         1.304900	         1.818400	
            31.40	         1.293900	         1.170100	         1.107700	         0.987540	         1.896300	         1.321900	         1.314600	         1.821600	
            31.50	         1.303100	         1.179000	         1.117800	         0.995770	         1.905300	         1.331800	         1.324000	         1.824400	
            31.60	         1.312000	         1.187600	         1.127600	         1.003700	         1.913900	         1.341300	         1.332900	         1.826800	
            31.70	         1.320500	         1.196000	         1.137100	         1.011400	         1.921900	         1.350500	         1.341600	         1.828800	
            31.80	         1.328600	         1.204000	         1.146300	         1.018800	         1.929500	         1.359300	         1.349800	         1.830400	
            31.90	         1.336400	         1.211800	         1.155100	         1.025900	         1.936600	         1.367700	         1.357700	         1.831500	
            32.00	         1.343800	         1.219200	         1.163700	         1.032700	         1.943200	         1.375700	         1.365100	         1.832300	
            32.10	         1.350800	         1.226400	         1.172000	         1.039100	         1.949300	         1.383300	         1.372200	         1.832700	
            32.20	         1.357400	         1.233200	         1.179900	         1.045300	         1.954900	         1.390600	         1.378900	         1.832600	
            32.30	         1.363700	         1.239700	         1.187500	         1.051200	         1.960100	         1.397500	         1.385200	         1.832200	
            32.40	         1.369600	         1.245800	         1.194700	         1.056800	         1.964800	         1.403900	         1.391100	         1.831300	
            32.50	         1.375100	         1.251700	         1.201700	         1.062000	         1.969000	         1.410000	         1.396600	         1.830100	
            32.60	         1.380200	         1.257200	         1.208300	         1.066900	         1.972700	         1.415700	         1.401800	         1.828500	
            32.70	         1.385000	         1.262300	         1.214500	         1.071600	         1.975900	         1.421000	         1.406500	         1.826500	
            32.80	         1.389300	         1.267200	         1.220400	         1.075800	         1.978700	         1.425900	         1.410800	         1.824100	
            32.90	         1.393300	         1.271700	         1.226000	         1.079800	         1.981000	         1.430400	         1.414700	         1.821300	
            33.00	         1.396900	         1.275800	         1.231200	         1.083500	         1.982800	         1.434500	         1.418300	         1.818100	
            33.10	         1.400100	         1.279600	         1.236000	         1.086800	         1.984100	         1.438200	         1.421400	         1.814600	
            33.20	         1.402900	         1.283100	         1.240500	         1.089800	         1.985000	         1.441400	         1.424100	         1.810700	
            33.30	         1.405300	         1.286200	         1.244700	         1.092400	         1.985400	         1.444300	         1.426500	         1.806500	
            33.40	         1.407300	         1.289000	         1.248500	         1.094800	         1.985300	         1.446800	         1.428400	         1.801900	
            33.50	         1.409000	         1.291400	         1.251900	         1.096800	         1.984800	         1.448900	         1.429900	         1.796900	
            33.60	         1.410200	         1.293500	         1.255000	         1.098400	         1.983800	         1.450600	         1.431100	         1.791600	
            33.70	         1.411100	         1.295300	         1.257800	         1.099800	         1.982400	         1.451900	         1.431800	         1.785900	
            33.80	         1.411600	         1.296700	         1.260100	         1.100800	         1.980500	         1.452800	         1.432200	         1.779900	
            33.90	         1.411700	         1.297700	         1.262200	         1.101500	         1.978100	         1.453300	         1.432100	         1.773600	
            34.00	         1.411400	         1.298400	         1.263800	         1.101900	         1.975400	         1.453400	         1.431700	         1.766900	
            34.10	         1.410700	         1.298800	         1.265200	         1.102000	         1.972100	         1.453100	         1.430900	         1.759900	
            34.20	         1.409700	         1.298800	         1.266100	         1.101700	         1.968500	         1.452500	         1.429700	         1.752600	
            34.30	         1.408300	         1.298500	         1.266700	         1.101100	         1.964400	         1.451400	         1.428100	         1.745000	
            34.40	         1.406500	         1.297800	         1.267000	         1.100200	         1.959900	         1.450000	         1.426200	         1.737100	
            34.50	         1.404400	         1.296800	         1.266900	         1.099000	         1.955000	         1.448200	         1.423900	         1.728800	
            34.60	         1.401900	         1.295500	         1.266500	         1.097500	         1.949600	         1.446000	         1.421200	         1.720300	
            34.70	         1.399000	         1.293800	         1.265700	         1.095600	         1.943900	         1.443500	         1.418100	         1.711400	
            34.80	         1.395800	         1.291800	         1.264600	         1.093500	         1.937700	         1.440500	         1.414700	         1.702300	
            34.90	         1.392200	         1.289400	         1.263200	         1.091000	         1.931100	         1.437200	         1.410900	         1.692900	
            35.00	         1.388300	         1.286800	         1.261400	         1.088200	         1.924200	         1.433600	         1.406700	         1.683200	
            35.10	         1.384100	         1.283800	         1.259300	         1.085200	         1.916800	         1.429600	         1.402200	         1.673300	
            35.20	         1.379400	         1.280500	         1.256900	         1.081800	         1.909100	         1.425200	         1.397400	         1.663100	
            35.30	         1.374500	         1.276800	         1.254100	         1.078200	         1.901000	         1.420500	         1.392200	         1.652600	
            35.40	         1.369200	         1.272900	         1.251000	         1.074200	         1.892500	         1.415500	         1.386700	         1.641900	
            35.50	         1.363600	         1.268700	         1.247600	         1.070000	         1.883700	         1.410100	         1.380800	         1.630900	
            35.60	         1.357700	         1.264100	         1.243900	         1.065500	         1.874500	         1.404300	         1.374600	         1.619700	
            35.70	         1.351400	         1.259200	         1.239800	         1.060700	         1.864900	         1.398300	         1.368100	         1.608200	
            35.80	         1.344900	         1.254100	         1.235500	         1.055700	         1.855000	         1.391900	         1.361300	         1.596600	
            35.90	         1.338000	         1.248600	         1.230800	         1.050400	         1.844800	         1.385200	         1.354100	         1.584700	
            36.00	         1.330800	         1.242900	         1.225900	         1.044800	         1.834200	         1.378200	         1.346700	         1.572600	
            36.10	         1.323400	         1.236900	         1.220600	         1.039000	         1.823300	         1.370800	         1.338900	         1.560200	
            36.20	         1.315600	         1.230500	         1.215100	         1.032900	         1.812100	         1.363200	         1.330900	         1.547700	
            36.30	         1.307500	         1.224000	         1.209300	         1.026500	         1.800600	         1.355300	         1.322600	         1.535000	
            36.40	         1.299200	         1.217100	         1.203200	         1.019900	         1.788800	         1.347000	         1.313900	         1.522100	
            36.50	         1.290600	         1.210000	         1.196800	         1.013100	         1.776600	         1.338500	         1.305000	         1.509000	
            36.60	         1.281700	         1.202600	         1.190200	         1.006100	         1.764200	         1.329800	         1.295900	         1.495700	
            36.70	         1.272600	         1.194900	         1.183200	         0.998780	         1.751500	         1.320700	         1.286400	         1.482300	
            36.80	         1.263200	         1.187100	         1.176100	         0.991280	         1.738500	         1.311400	         1.276800	         1.468700	
            36.90	         1.253600	         1.178900	         1.168600	         0.983550	         1.725300	         1.301800	         1.266800	         1.454900	
            37.00	         1.243700	         1.170500	         1.161000	         0.975620	         1.711800	         1.291900	         1.256600	         1.441000	
            37.10	         1.233600	         1.161900	         1.153000	         0.967470	         1.698000	         1.281800	         1.246200	         1.426900	
            37.20	         1.223200	         1.153100	         1.144900	         0.959130	         1.684000	         1.271500	         1.235500	         1.412700	
            37.30	         1.212600	         1.144000	         1.136500	         0.950590	         1.669800	         1.260900	         1.224600	         1.398400	
            37.40	         1.201800	         1.134700	         1.127900	         0.941870	         1.655300	         1.250100	         1.213500	         1.383900	
            37.50	         1.190800	         1.125300	         1.119000	         0.932960	         1.640600	         1.239100	         1.202200	         1.369300	
            37.60	         1.179600	         1.115600	         1.110000	         0.923870	         1.625700	         1.227900	         1.190700	         1.354600	
            37.70	         1.168200	         1.105700	         1.100700	         0.914610	         1.610500	         1.216400	         1.179000	         1.339800	
            37.80	         1.156600	         1.095600	         1.091200	         0.905190	         1.595200	         1.204800	         1.167000	         1.324900	
            37.90	         1.144800	         1.085300	         1.081500	         0.895600	         1.579700	         1.192900	         1.154900	         1.309900	
            38.00	         1.132800	         1.074800	         1.071700	         0.885870	         1.563900	         1.180900	         1.142700	         1.294800	
            38.10	         1.120700	         1.064200	         1.061600	         0.875980	         1.548000	         1.168700	         1.130200	         1.279600	
            38.20	         1.108400	         1.053400	         1.051400	         0.865960	         1.532000	         1.156300	         1.117600	         1.264400	
            38.30	         1.095900	         1.042400	         1.041000	         0.855800	         1.515700	         1.143800	         1.104800	         1.249000	
            38.40	         1.083300	         1.031300	         1.030400	         0.845520	         1.499300	         1.131000	         1.091900	         1.233600	
            38.50	         1.070600	         1.020000	         1.019700	         0.835110	         1.482800	         1.118200	         1.078800	         1.218200	
            38.60	         1.057700	         1.008600	         1.008800	         0.824580	         1.466100	         1.105200	         1.065600	         1.202700	
            38.70	         1.044700	         0.997060	         0.997810	         0.813950	         1.449300	         1.092000	         1.052300	         1.187100	
            38.80	         1.031500	         0.985370	         0.986640	         0.803210	         1.432300	         1.078700	         1.038800	         1.171500	
            38.90	         1.018300	         0.973560	         0.975330	         0.792370	         1.415300	         1.065300	         1.025200	         1.155900	
            39.00	         1.004900	         0.961630	         0.963890	         0.781450	         1.398100	         1.051800	         1.011500	         1.140200	
            39.10	         0.991430	         0.949590	         0.952340	         0.770430	         1.380800	         1.038100	         0.997750	         1.124500	
            39.20	         0.977860	         0.937450	         0.940660	         0.759340	         1.363400	         1.024400	         0.983870	         1.108800	
            39.30	         0.964210	         0.925200	         0.928880	         0.748180	         1.345900	         1.010500	         0.969910	         1.093000	
            39.40	         0.950470	         0.912860	         0.916990	         0.736950	         1.328400	         0.996560	         0.955860	         1.077300	
            39.50	         0.936660	         0.900440	         0.905010	         0.725660	         1.310700	         0.982530	         0.941740	         1.061500	
            39.60	         0.922780	         0.887930	         0.892930	         0.714320	         1.293000	         0.968430	         0.927550	         1.045800	
            39.70	         0.908830	         0.875360	         0.880770	         0.702930	         1.275200	         0.954260	         0.913300	         1.030100	
            39.80	         0.894840	         0.862710	         0.868530	         0.691500	         1.257400	         0.940020	         0.899000	         1.014300	
            39.90	         0.880790	         0.850000	         0.856220	         0.680030	         1.239500	         0.925720	         0.884650	         0.998620	
            40.00	         0.866700	         0.837240	         0.843840	         0.668540	         1.221600	         0.911380	         0.870260	         0.982930	
            40.10	         0.852580	         0.824430	         0.831410	         0.657020	         1.203700	         0.896990	         0.855840	         0.967260	
            40.20	         0.838430	         0.811580	         0.818920	         0.645480	         1.185700	         0.882560	         0.841390	         0.951630	
            40.30	         0.824260	         0.798690	         0.806380	         0.633930	         1.167700	         0.868110	         0.826920	         0.936030	
            40.40	         0.810070	         0.785770	         0.793800	         0.622370	         1.149700	         0.853620	         0.812440	         0.920480	
            40.50	         0.795870	         0.772830	         0.781190	         0.610820	         1.131600	         0.839130	         0.797960	         0.904970	
            40.60	         0.781680	         0.759870	         0.768550	         0.599270	         1.113600	         0.824620	         0.783470	         0.889510	
            40.70	         0.767480	         0.746900	         0.755880	         0.587740	         1.095600	         0.810100	         0.768990	         0.874110	
            40.80	         0.753300	         0.733920	         0.743200	         0.576220	         1.077600	         0.795590	         0.754520	         0.858760	
            40.90	         0.739130	         0.720940	         0.730510	         0.564720	         1.059600	         0.781090	         0.740070	         0.843480	
            41.00	         0.724980	         0.707970	         0.717810	         0.553260	         1.041600	         0.766600	         0.725650	         0.828270	
            41.10	         0.710860	         0.695010	         0.705120	         0.541820	         1.023700	         0.752130	         0.711250	         0.813130	
            41.20	         0.696780	         0.682070	         0.692420	         0.530430	         1.005800	         0.737690	         0.696900	         0.798060	
            41.30	         0.682740	         0.669160	         0.679750	         0.519080	         0.987890	         0.723280	         0.682580	         0.783080	
            41.40	         0.668740	         0.656270	         0.667080	         0.507790	         0.970070	         0.708910	         0.668320	         0.768180	
            41.50	         0.654790	         0.643410	         0.654450	         0.496540	         0.952310	         0.694590	         0.654110	         0.753370	
            41.60	         0.640910	         0.630600	         0.641840	         0.485360	         0.934610	         0.680310	         0.639960	         0.738650	
            41.70	         0.627080	         0.617830	         0.629270	         0.474250	         0.916970	         0.666100	         0.625880	         0.724020	
            41.80	         0.613330	         0.605120	         0.616730	         0.463210	         0.899400	         0.651940	         0.611870	         0.709500	
            41.90	         0.599650	         0.592460	         0.604240	         0.452240	         0.881910	         0.637850	         0.597940	         0.695080	
            42.00	         0.586050	         0.579860	         0.591810	         0.441360	         0.864500	         0.623830	         0.584090	         0.680760	
            42.10	         0.572530	         0.567330	         0.579420	         0.430560	         0.847170	         0.609890	         0.570320	         0.666560	
            42.20	         0.559110	         0.554870	         0.567100	         0.419850	         0.829940	         0.596040	         0.556660	         0.652460	
            42.30	         0.545780	         0.542490	         0.554840	         0.409230	         0.812800	         0.582270	         0.543090	         0.638490	
            42.40	         0.532550	         0.530190	         0.542660	         0.398720	         0.795770	         0.568600	         0.529620	         0.624630	
            42.50	         0.519420	         0.517980	         0.530550	         0.388310	         0.778840	         0.555030	         0.516260	         0.610890	
            42.60	         0.506410	         0.505860	         0.518520	         0.378010	         0.762020	         0.541560	         0.503020	         0.597280	
            42.70	         0.493510	         0.493840	         0.506580	         0.367820	         0.745320	         0.528200	         0.489890	         0.583800	
            42.80	         0.480730	         0.481920	         0.494720	         0.357750	         0.728740	         0.514950	         0.476890	         0.570450	
            42.90	         0.468080	         0.470100	         0.482960	         0.347800	         0.712290	         0.501820	         0.464020	         0.557230	
            43.00	         0.455550	         0.458400	         0.471300	         0.337980	         0.695960	         0.488820	         0.451270	         0.544150	
            43.10	         0.443160	         0.446810	         0.459750	         0.328290	         0.679770	         0.475940	         0.438670	         0.531200	
            43.20	         0.430910	         0.435340	         0.448300	         0.318730	         0.663720	         0.463190	         0.426200	         0.518400	
            43.30	         0.418800	         0.423990	         0.436960	         0.309310	         0.647810	         0.450580	         0.413880	         0.505740	
            43.40	         0.406830	         0.412770	         0.425740	         0.300030	         0.632050	         0.438120	         0.401710	         0.493230	
            43.50	         0.395010	         0.401690	         0.414640	         0.290890	         0.616430	         0.425790	         0.389700	         0.480870	
            43.60	         0.383350	         0.390730	         0.403660	         0.281900	         0.600970	         0.413620	         0.377840	         0.468650	
            43.70	         0.371850	         0.379920	         0.392810	         0.273060	         0.585670	         0.401590	         0.366140	         0.456590	
            43.80	         0.360500	         0.369250	         0.382090	         0.264380	         0.570530	         0.389730	         0.354600	         0.444680	
            43.90	         0.349330	         0.358730	         0.371510	         0.255860	         0.555550	         0.378020	         0.343240	         0.432920	
            44.00	         0.338320	         0.348360	         0.361070	         0.247500	         0.540750	         0.366480	         0.332040	         0.421330	
            44.10	         0.327480	         0.338140	         0.350770	         0.239300	         0.526110	         0.355100	         0.321020	         0.409890	
            44.20	         0.316820	         0.328080	         0.340610	         0.231270	         0.511650	         0.343900	         0.310180	         0.398610	
            44.30	         0.306330	         0.318180	         0.330610	         0.223410	         0.497360	         0.332870	         0.299520	         0.387500	
            44.40	         0.296030	         0.308440	         0.320760	         0.215720	         0.483260	         0.322010	         0.289050	         0.376550	
            44.50	         0.285920	         0.298870	         0.311060	         0.208210	         0.469340	         0.311340	         0.278770	         0.365760	
            44.60	         0.275990	         0.289470	         0.301520	         0.200880	         0.455610	         0.300850	         0.268670	         0.355140	
            44.70	         0.266250	         0.280250	         0.292150	         0.193720	         0.442060	         0.290550	         0.258770	         0.344690	
            44.80	         0.256710	         0.271200	         0.282940	         0.186750	         0.428710	         0.280440	         0.249070	         0.334410	
            44.90	         0.247360	         0.262330	         0.273890	         0.179970	         0.415550	         0.270510	         0.239560	         0.324300	
