            angle	Ex=1.808(p:Menet,d:DCV)	Ex=1.808(p:KD,d:DCV)	Ex=1.808(p:Varmar,d:DCV)	Ex=1.808(p:BG,d:DCV(re))	Ex=1.808(p:Menet,d:LH)	Ex=1.808(p:Menet,d:Custom)	Ex=1.808(p:Menet,d:DCV(nonREL))	Ex=1.808(p:Menet,d:AC)	
             5.00	        29.777000	        33.434000	        32.893000	        32.313000	        21.258000	        12.701000	        29.620000	        29.418000	
             5.10	        29.588000	        33.231000	        32.690000	        32.114000	        21.105000	        12.599000	        29.431000	        29.230000	
             5.20	        29.396000	        33.024000	        32.485000	        31.912000	        20.951000	        12.495000	        29.239000	        29.038000	
             5.30	        29.201000	        32.815000	        32.277000	        31.708000	        20.795000	        12.390000	        29.044000	        28.844000	
             5.40	        29.003000	        32.603000	        32.066000	        31.501000	        20.637000	        12.284000	        28.846000	        28.647000	
             5.50	        28.804000	        32.388000	        31.852000	        31.291000	        20.477000	        12.177000	        28.647000	        28.448000	
             5.60	        28.601000	        32.171000	        31.636000	        31.079000	        20.315000	        12.069000	        28.444000	        28.247000	
             5.70	        28.397000	        31.951000	        31.417000	        30.864000	        20.151000	        11.959000	        28.240000	        28.043000	
             5.80	        28.190000	        31.728000	        31.196000	        30.647000	        19.985000	        11.849000	        28.033000	        27.837000	
             5.90	        27.981000	        31.503000	        30.972000	        30.427000	        19.818000	        11.737000	        27.824000	        27.628000	
             6.00	        27.769000	        31.276000	        30.746000	        30.205000	        19.649000	        11.624000	        27.612000	        27.418000	
             6.10	        27.556000	        31.046000	        30.518000	        29.981000	        19.479000	        11.510000	        27.399000	        27.205000	
             6.20	        27.340000	        30.814000	        30.287000	        29.755000	        19.307000	        11.396000	        27.183000	        26.990000	
             6.30	        27.123000	        30.580000	        30.054000	        29.526000	        19.133000	        11.280000	        26.966000	        26.774000	
             6.40	        26.903000	        30.343000	        29.819000	        29.296000	        18.958000	        11.164000	        26.746000	        26.555000	
             6.50	        26.682000	        30.105000	        29.582000	        29.063000	        18.782000	        11.047000	        26.525000	        26.335000	
             6.60	        26.459000	        29.865000	        29.343000	        28.829000	        18.604000	        10.929000	        26.302000	        26.113000	
             6.70	        26.234000	        29.623000	        29.102000	        28.592000	        18.426000	        10.810000	        26.077000	        25.889000	
             6.80	        26.008000	        29.378000	        28.860000	        28.354000	        18.245000	        10.690000	        25.851000	        25.663000	
             6.90	        25.780000	        29.132000	        28.615000	        28.114000	        18.064000	        10.570000	        25.623000	        25.436000	
             7.00	        25.550000	        28.885000	        28.369000	        27.872000	        17.882000	        10.450000	        25.393000	        25.207000	
             7.10	        25.319000	        28.635000	        28.121000	        27.629000	        17.698000	        10.328000	        25.162000	        24.977000	
             7.20	        25.086000	        28.385000	        27.872000	        27.385000	        17.514000	        10.206000	        24.929000	        24.745000	
             7.30	        24.852000	        28.132000	        27.621000	        27.138000	        17.328000	        10.084000	        24.696000	        24.513000	
             7.40	        24.617000	        27.878000	        27.368000	        26.891000	        17.142000	         9.961200	        24.460000	        24.278000	
             7.50	        24.381000	        27.623000	        27.115000	        26.642000	        16.955000	         9.837900	        24.224000	        24.043000	
             7.60	        24.143000	        27.366000	        26.860000	        26.392000	        16.767000	         9.714300	        23.987000	        23.807000	
             7.70	        23.905000	        27.109000	        26.603000	        26.140000	        16.579000	         9.590300	        23.748000	        23.569000	
             7.80	        23.665000	        26.850000	        26.346000	        25.888000	        16.390000	         9.466100	        23.508000	        23.330000	
             7.90	        23.424000	        26.589000	        26.087000	        25.634000	        16.200000	         9.341500	        23.268000	        23.091000	
             8.00	        23.183000	        26.328000	        25.828000	        25.379000	        16.009000	         9.216800	        23.026000	        22.851000	
             8.10	        22.941000	        26.066000	        25.567000	        25.124000	        15.819000	         9.091800	        22.784000	        22.609000	
             8.20	        22.698000	        25.803000	        25.306000	        24.867000	        15.627000	         8.966700	        22.541000	        22.367000	
             8.30	        22.454000	        25.539000	        25.044000	        24.610000	        15.436000	         8.841500	        22.298000	        22.125000	
             8.40	        22.209000	        25.275000	        24.781000	        24.352000	        15.244000	         8.716300	        22.053000	        21.882000	
             8.50	        21.964000	        25.009000	        24.517000	        24.094000	        15.051000	         8.591000	        21.808000	        21.638000	
             8.60	        21.719000	        24.743000	        24.253000	        23.834000	        14.859000	         8.465700	        21.563000	        21.393000	
             8.70	        21.473000	        24.477000	        23.988000	        23.575000	        14.666000	         8.340500	        21.317000	        21.149000	
             8.80	        21.227000	        24.210000	        23.723000	        23.315000	        14.473000	         8.215300	        21.071000	        20.904000	
             8.90	        20.980000	        23.942000	        23.457000	        23.054000	        14.280000	         8.090300	        20.824000	        20.658000	
             9.00	        20.733000	        23.674000	        23.191000	        22.793000	        14.088000	         7.965400	        20.578000	        20.413000	
             9.10	        20.486000	        23.406000	        22.925000	        22.532000	        13.895000	         7.840700	        20.331000	        20.167000	
             9.20	        20.239000	        23.138000	        22.658000	        22.270000	        13.702000	         7.716200	        20.084000	        19.921000	
             9.30	        19.992000	        22.869000	        22.391000	        22.009000	        13.510000	         7.592000	        19.836000	        19.675000	
             9.40	        19.744000	        22.601000	        22.125000	        21.747000	        13.317000	         7.468200	        19.589000	        19.429000	
             9.50	        19.497000	        22.332000	        21.858000	        21.485000	        13.125000	         7.344600	        19.342000	        19.183000	
             9.60	        19.250000	        22.063000	        21.591000	        21.224000	        12.933000	         7.221400	        19.095000	        18.938000	
             9.70	        19.003000	        21.794000	        21.324000	        20.962000	        12.742000	         7.098700	        18.848000	        18.692000	
             9.80	        18.756000	        21.526000	        21.058000	        20.701000	        12.551000	         6.976300	        18.602000	        18.447000	
             9.90	        18.510000	        21.258000	        20.791000	        20.439000	        12.360000	         6.854500	        18.356000	        18.202000	
            10.00	        18.264000	        20.990000	        20.525000	        20.178000	        12.170000	         6.733100	        18.110000	        17.957000	
            10.10	        18.018000	        20.722000	        20.259000	        19.918000	        11.980000	         6.612300	        17.864000	        17.713000	
            10.20	        17.773000	        20.455000	        19.994000	        19.658000	        11.791000	         6.492000	        17.619000	        17.469000	
            10.30	        17.528000	        20.188000	        19.729000	        19.398000	        11.603000	         6.372400	        17.375000	        17.226000	
            10.40	        17.284000	        19.921000	        19.465000	        19.139000	        11.415000	         6.253400	        17.131000	        16.983000	
            10.50	        17.041000	        19.656000	        19.201000	        18.880000	        11.228000	         6.135000	        16.888000	        16.741000	
            10.60	        16.798000	        19.390000	        18.938000	        18.622000	        11.042000	         6.017400	        16.645000	        16.500000	
            10.70	        16.556000	        19.126000	        18.675000	        18.365000	        10.856000	         5.900400	        16.403000	        16.259000	
            10.80	        16.315000	        18.862000	        18.413000	        18.108000	        10.672000	         5.784300	        16.162000	        16.020000	
            10.90	        16.074000	        18.599000	        18.152000	        17.852000	        10.488000	         5.668900	        15.922000	        15.781000	
            11.00	        15.835000	        18.337000	        17.892000	        17.597000	        10.306000	         5.554300	        15.682000	        15.543000	
            11.10	        15.596000	        18.076000	        17.633000	        17.343000	        10.124000	         5.440500	        15.444000	        15.306000	
            11.20	        15.358000	        17.816000	        17.375000	        17.090000	         9.943000	         5.327600	        15.207000	        15.070000	
            11.30	        15.122000	        17.556000	        17.118000	        16.838000	         9.763400	         5.215600	        14.970000	        14.835000	
            11.40	        14.886000	        17.298000	        16.861000	        16.587000	         9.584800	         5.104500	        14.735000	        14.601000	
            11.50	        14.652000	        17.041000	        16.606000	        16.337000	         9.407300	         4.994300	        14.501000	        14.368000	
            11.60	        14.419000	        16.785000	        16.353000	        16.088000	         9.231100	         4.885100	        14.268000	        14.137000	
            11.70	        14.187000	        16.530000	        16.100000	        15.841000	         9.056000	         4.776900	        14.036000	        13.906000	
            11.80	        13.956000	        16.276000	        15.848000	        15.594000	         8.882200	         4.669600	        13.806000	        13.677000	
            11.90	        13.727000	        16.024000	        15.598000	        15.349000	         8.709600	         4.563500	        13.577000	        13.450000	
            12.00	        13.499000	        15.773000	        15.349000	        15.105000	         8.538400	         4.458300	        13.349000	        13.223000	
            12.10	        13.272000	        15.524000	        15.102000	        14.863000	         8.368500	         4.354300	        13.123000	        12.998000	
            12.20	        13.047000	        15.276000	        14.856000	        14.622000	         8.200000	         4.251300	        12.898000	        12.775000	
            12.30	        12.823000	        15.029000	        14.612000	        14.382000	         8.032900	         4.149400	        12.674000	        12.553000	
            12.40	        12.601000	        14.784000	        14.369000	        14.144000	         7.867300	         4.048700	        12.453000	        12.332000	
            12.50	        12.380000	        14.540000	        14.127000	        13.908000	         7.703100	         3.949100	        12.232000	        12.113000	
            12.60	        12.161000	        14.298000	        13.888000	        13.673000	         7.540400	         3.850700	        12.013000	        11.896000	
            12.70	        11.944000	        14.058000	        13.649000	        13.439000	         7.379200	         3.753500	        11.796000	        11.680000	
            12.80	        11.728000	        13.819000	        13.413000	        13.208000	         7.219600	         3.657500	        11.581000	        11.466000	
            12.90	        11.514000	        13.582000	        13.178000	        12.978000	         7.061500	         3.562700	        11.367000	        11.254000	
            13.00	        11.301000	        13.347000	        12.945000	        12.749000	         6.905100	         3.469100	        11.155000	        11.044000	
            13.10	        11.091000	        13.114000	        12.714000	        12.523000	         6.750300	         3.376800	        10.945000	        10.835000	
            13.20	        10.882000	        12.882000	        12.485000	        12.298000	         6.597200	         3.285700	        10.737000	        10.628000	
            13.30	        10.675000	        12.653000	        12.257000	        12.075000	         6.445700	         3.195900	        10.530000	        10.423000	
            13.40	        10.470000	        12.425000	        12.032000	        11.854000	         6.295900	         3.107400	        10.325000	        10.220000	
            13.50	        10.267000	        12.199000	        11.808000	        11.635000	         6.147900	         3.020200	        10.123000	        10.018000	
            13.60	        10.065000	        11.975000	        11.586000	        11.418000	         6.001500	         2.934300	         9.921700	         9.818700	
            13.70	         9.865900	        11.753000	        11.366000	        11.203000	         5.857000	         2.849700	         9.722800	         9.621200	
            13.80	         9.668400	        11.533000	        11.149000	        10.990000	         5.714200	         2.766500	         9.525800	         9.425700	
            13.90	         9.473000	        11.315000	        10.933000	        10.778000	         5.573200	         2.684500	         9.330800	         9.232200	
            14.00	         9.279600	        11.099000	        10.719000	        10.569000	         5.434100	         2.604000	         9.137900	         9.040700	
            14.10	         9.088200	        10.885000	        10.508000	        10.362000	         5.296700	         2.524800	         8.947000	         8.851200	
            14.20	         8.898900	        10.674000	        10.299000	        10.157000	         5.161200	         2.446900	         8.758100	         8.663800	
            14.30	         8.711700	        10.464000	        10.091000	         9.953600	         5.027600	         2.370500	         8.571400	         8.478500	
            14.40	         8.526500	        10.257000	         9.886200	         9.752700	         4.895800	         2.295400	         8.386700	         8.295300	
            14.50	         8.343500	        10.052000	         9.683300	         9.554000	         4.766000	         2.221600	         8.204200	         8.114300	
            14.60	         8.162600	         9.848700	         9.482600	         9.357400	         4.638000	         2.149300	         8.023800	         7.935400	
            14.70	         7.983900	         9.648000	         9.284100	         9.163000	         4.511900	         2.078400	         7.845600	         7.758600	
            14.80	         7.807300	         9.449400	         9.087900	         8.970800	         4.387800	         2.008800	         7.669600	         7.584000	
            14.90	         7.632900	         9.253200	         8.893900	         8.780800	         4.265500	         1.940700	         7.495700	         7.411600	
            15.00	         7.460800	         9.059200	         8.702300	         8.593000	         4.145300	         1.873900	         7.324100	         7.241400	
            15.10	         7.290800	         8.867500	         8.512900	         8.407500	         4.026900	         1.808500	         7.154700	         7.073400	
            15.20	         7.123100	         8.678200	         8.325800	         8.224200	         3.910500	         1.744600	         6.987500	         6.907700	
            15.30	         6.957600	         8.491100	         8.141000	         8.043200	         3.796100	         1.682000	         6.822600	         6.744200	
            15.40	         6.794300	         8.306400	         7.958600	         7.864500	         3.683600	         1.620900	         6.659900	         6.582900	
            15.50	         6.633300	         8.124100	         7.778500	         7.688100	         3.573100	         1.561100	         6.499500	         6.423900	
            15.60	         6.474600	         7.944100	         7.600800	         7.514100	         3.464500	         1.502800	         6.341300	         6.267200	
            15.70	         6.318100	         7.766400	         7.425500	         7.342300	         3.357900	         1.445800	         6.185500	         6.112800	
            15.80	         6.163900	         7.591200	         7.252500	         7.172800	         3.253300	         1.390300	         6.031900	         5.960600	
            15.90	         6.012000	         7.418300	         7.081900	         7.005700	         3.150700	         1.336100	         5.880600	         5.810700	
            16.00	         5.862400	         7.247800	         6.913800	         6.840900	         3.050000	         1.283300	         5.731700	         5.663100	
            16.10	         5.715100	         7.079700	         6.748000	         6.678500	         2.951300	         1.231900	         5.585000	         5.517800	
            16.20	         5.570100	         6.914100	         6.584600	         6.518400	         2.854600	         1.181900	         5.440600	         5.374900	
            16.30	         5.427400	         6.750800	         6.423600	         6.360700	         2.759900	         1.133200	         5.298500	         5.234200	
            16.40	         5.287000	         6.590000	         6.265100	         6.205400	         2.667100	         1.086000	         5.158800	         5.095800	
            16.50	         5.148900	         6.431500	         6.108900	         6.052400	         2.576300	         1.040100	         5.021400	         4.959700	
            16.60	         5.013100	         6.275500	         5.955200	         5.901700	         2.487500	         0.995500	         4.886200	         4.826000	
            16.70	         4.879600	         6.121900	         5.803900	         5.753400	         2.400600	         0.952300	         4.753400	         4.694500	
            16.80	         4.748400	         5.970800	         5.655000	         5.607500	         2.315600	         0.910430	         4.622900	         4.565300	
            16.90	         4.619500	         5.822000	         5.508500	         5.464000	         2.232700	         0.869900	         4.494700	         4.438500	
            17.00	         4.492900	         5.675700	         5.364500	         5.322800	         2.151600	         0.830690	         4.368800	         4.313900	
            17.10	         4.368600	         5.531800	         5.222900	         5.184000	         2.072500	         0.792790	         4.245200	         4.191600	
            17.20	         4.246600	         5.390300	         5.083600	         5.047500	         1.995300	         0.756210	         4.123900	         4.071600	
            17.30	         4.126800	         5.251200	         4.946800	         4.913300	         1.920000	         0.720910	         4.004900	         3.953900	
            17.40	         4.009400	         5.114500	         4.812400	         4.781600	         1.846600	         0.686910	         3.888200	         3.838500	
            17.50	         3.894200	         4.980200	         4.680400	         4.652100	         1.775100	         0.654180	         3.773700	         3.725300	
            17.60	         3.781200	         4.848300	         4.550800	         4.525000	         1.705500	         0.622710	         3.661500	         3.614400	
            17.70	         3.670600	         4.718800	         4.423500	         4.400200	         1.637800	         0.592500	         3.551600	         3.505700	
            17.80	         3.562100	         4.591700	         4.298700	         4.277700	         1.571900	         0.563530	         3.443900	         3.399300	
            17.90	         3.455900	         4.467000	         4.176200	         4.157600	         1.507900	         0.535780	         3.338400	         3.295100	
            18.00	         3.351900	         4.344600	         4.056100	         4.039700	         1.445700	         0.509260	         3.235200	         3.193100	
            18.10	         3.250100	         4.224600	         3.938300	         3.924100	         1.385300	         0.483930	         3.134200	         3.093300	
            18.20	         3.150600	         4.106900	         3.822800	         3.810800	         1.326800	         0.459800	         3.035400	         2.995700	
            18.30	         3.053200	         3.991500	         3.709700	         3.699800	         1.270000	         0.436840	         2.938800	         2.900400	
            18.40	         2.958000	         3.878500	         3.598900	         3.591000	         1.215100	         0.415040	         2.844400	         2.807100	
            18.50	         2.864900	         3.767800	         3.490400	         3.484500	         1.161800	         0.394390	         2.752200	         2.716100	
            18.60	         2.774000	         3.659300	         3.384200	         3.380200	         1.110400	         0.374880	         2.662100	         2.627100	
            18.70	         2.685200	         3.553200	         3.280300	         3.278100	         1.060600	         0.356480	         2.574100	         2.540300	
            18.80	         2.598600	         3.449300	         3.178600	         3.178200	         1.012600	         0.339190	         2.488300	         2.455600	
            18.90	         2.514000	         3.347700	         3.079200	         3.080500	         0.966310	         0.322990	         2.404600	         2.373000	
            19.00	         2.431500	         3.248300	         2.982000	         2.985000	         0.921670	         0.307850	         2.322900	         2.292500	
            19.10	         2.351100	         3.151100	         2.887000	         2.891600	         0.878690	         0.293780	         2.243400	         2.214000	
            19.20	         2.272800	         3.056200	         2.794200	         2.800400	         0.837360	         0.280750	         2.165800	         2.137600	
            19.30	         2.196400	         2.963400	         2.703600	         2.711300	         0.797650	         0.268740	         2.090400	         2.063200	
            19.40	         2.122100	         2.872800	         2.615200	         2.624300	         0.759550	         0.257730	         2.016900	         1.990800	
            19.50	         2.049800	         2.784300	         2.528900	         2.539400	         0.723030	         0.247720	         1.945500	         1.920400	
            19.60	         1.979500	         2.698000	         2.444700	         2.456500	         0.688090	         0.238690	         1.876000	         1.852000	
            19.70	         1.911100	         2.613800	         2.362700	         2.375700	         0.654680	         0.230610	         1.808500	         1.785500	
            19.80	         1.844600	         2.531700	         2.282700	         2.297000	         0.622810	         0.223470	         1.742900	         1.720900	
            19.90	         1.780100	         2.451700	         2.204900	         2.220200	         0.592440	         0.217250	         1.679200	         1.658300	
            20.00	         1.717400	         2.373700	         2.129000	         2.145400	         0.563550	         0.211940	         1.617500	         1.597500	
            20.10	         1.656700	         2.297700	         2.055200	         2.072600	         0.536130	         0.207520	         1.557600	         1.538600	
            20.20	         1.597800	         2.223800	         1.983400	         2.001800	         0.510140	         0.203970	         1.499600	         1.481500	
            20.30	         1.540700	         2.151900	         1.913600	         1.932900	         0.485580	         0.201260	         1.443400	         1.426200	
            20.40	         1.485400	         2.081900	         1.845700	         1.865900	         0.462410	         0.199400	         1.389000	         1.372800	
            20.50	         1.431900	         2.013900	         1.779800	         1.800700	         0.440620	         0.198340	         1.336400	         1.321100	
            20.60	         1.380200	         1.947800	         1.715800	         1.737500	         0.420180	         0.198090	         1.285600	         1.271200	
            20.70	         1.330200	         1.883600	         1.653700	         1.676000	         0.401070	         0.198610	         1.236500	         1.223000	
            20.80	         1.281900	         1.821300	         1.593500	         1.616400	         0.383270	         0.199900	         1.189200	         1.176500	
            20.90	         1.235300	         1.760900	         1.535100	         1.558600	         0.366740	         0.201920	         1.143500	         1.131600	
            21.00	         1.190400	         1.702300	         1.478600	         1.502600	         0.351480	         0.204670	         1.099500	         1.088500	
            21.10	         1.147100	         1.645500	         1.423900	         1.448300	         0.337460	         0.208130	         1.057200	         1.046900	
            21.20	         1.105400	         1.590500	         1.370900	         1.395700	         0.324650	         0.212270	         1.016500	         1.007000	
            21.30	         1.065400	         1.537200	         1.319700	         1.344800	         0.313030	         0.217090	         0.977330	         0.968660	
            21.40	         1.026900	         1.485700	         1.270200	         1.295600	         0.302570	         0.222550	         0.939780	         0.931860	
            21.50	         0.989900	         1.435900	         1.222400	         1.248000	         0.293260	         0.228640	         0.903770	         0.896600	
            21.60	         0.954460	         1.387800	         1.176300	         1.202100	         0.285060	         0.235350	         0.869290	         0.862840	
            21.70	         0.920520	         1.341300	         1.131800	         1.157800	         0.277960	         0.242650	         0.836300	         0.830570	
            21.80	         0.888050	         1.296500	         1.089000	         1.115000	         0.271930	         0.250520	         0.804780	         0.799740	
            21.90	         0.857020	         1.253300	         1.047800	         1.073800	         0.266940	         0.258960	         0.774700	         0.770350	
            22.00	         0.827400	         1.211600	         1.008100	         1.034100	         0.262980	         0.267930	         0.746050	         0.742360	
            22.10	         0.799180	         1.171600	         0.970050	         0.995910	         0.260010	         0.277420	         0.718790	         0.715750	
            22.20	         0.772320	         1.133000	         0.933470	         0.959190	         0.258010	         0.287420	         0.692900	         0.690480	
            22.30	         0.746800	         1.096000	         0.898390	         0.923920	         0.256970	         0.297900	         0.668350	         0.666540	
            22.40	         0.722600	         1.060400	         0.864780	         0.890080	         0.256850	         0.308840	         0.645110	         0.643900	
            22.50	         0.699680	         1.026300	         0.832620	         0.857620	         0.257630	         0.320240	         0.623160	         0.622540	
            22.60	         0.678030	         0.993650	         0.801870	         0.826540	         0.259290	         0.332060	         0.602480	         0.602420	
            22.70	         0.657610	         0.962380	         0.772520	         0.796800	         0.261790	         0.344290	         0.583030	         0.583520	
            22.80	         0.638400	         0.932480	         0.744530	         0.768380	         0.265130	         0.356920	         0.564800	         0.565810	
            22.90	         0.620370	         0.903930	         0.717880	         0.741250	         0.269270	         0.369930	         0.547750	         0.549270	
            23.00	         0.603500	         0.876690	         0.692550	         0.715390	         0.274200	         0.383300	         0.531850	         0.533870	
            23.10	         0.587760	         0.850760	         0.668490	         0.690770	         0.279870	         0.397000	         0.517090	         0.519590	
            23.20	         0.573130	         0.826090	         0.645700	         0.667360	         0.286290	         0.411030	         0.503440	         0.506390	
            23.30	         0.559570	         0.802660	         0.624140	         0.645140	         0.293410	         0.425370	         0.490860	         0.494260	
            23.40	         0.547070	         0.780450	         0.603790	         0.624080	         0.301210	         0.440000	         0.479340	         0.483170	
            23.50	         0.535600	         0.759430	         0.584610	         0.604160	         0.309680	         0.454900	         0.468850	         0.473080	
            23.60	         0.525120	         0.739570	         0.566590	         0.585350	         0.318790	         0.470060	         0.459350	         0.463990	
            23.70	         0.515630	         0.720850	         0.549690	         0.567630	         0.328510	         0.485460	         0.450840	         0.455850	
            23.80	         0.507080	         0.703230	         0.533900	         0.550970	         0.338830	         0.501080	         0.443270	         0.448640	
            23.90	         0.499460	         0.686700	         0.519180	         0.535340	         0.349710	         0.516910	         0.436630	         0.442340	
            24.00	         0.492730	         0.671230	         0.505500	         0.520710	         0.361150	         0.532930	         0.430890	         0.436930	
            24.10	         0.486890	         0.656780	         0.492850	         0.507070	         0.373100	         0.549130	         0.426020	         0.432370	
            24.20	         0.481890	         0.643350	         0.481200	         0.494390	         0.385560	         0.565490	         0.422000	         0.428640	
            24.30	         0.477710	         0.630890	         0.470510	         0.482650	         0.398500	         0.581990	         0.418800	         0.425720	
            24.40	         0.474340	         0.619380	         0.460770	         0.471810	         0.411900	         0.598620	         0.416410	         0.423590	
            24.50	         0.471730	         0.608810	         0.451950	         0.461850	         0.425730	         0.615370	         0.414780	         0.422210	
            24.60	         0.469880	         0.599140	         0.444020	         0.452750	         0.439980	         0.632210	         0.413910	         0.421560	
            24.70	         0.468760	         0.590340	         0.436960	         0.444490	         0.454620	         0.649140	         0.413760	         0.421620	
            24.80	         0.468330	         0.582400	         0.430750	         0.437040	         0.469630	         0.666140	         0.414300	         0.422370	
            24.90	         0.468590	         0.575290	         0.425350	         0.430370	         0.485000	         0.683200	         0.415530	         0.423770	
            25.00	         0.469490	         0.568980	         0.420740	         0.424470	         0.500690	         0.700300	         0.417410	         0.425820	
            25.10	         0.471030	         0.563440	         0.416910	         0.419300	         0.516700	         0.717430	         0.419910	         0.428470	
            25.20	         0.473180	         0.558660	         0.413820	         0.414850	         0.532990	         0.734570	         0.423030	         0.431720	
            25.30	         0.475910	         0.554620	         0.411450	         0.411080	         0.549560	         0.751710	         0.426720	         0.435530	
            25.40	         0.479200	         0.551270	         0.409770	         0.407990	         0.566370	         0.768850	         0.430970	         0.439880	
            25.50	         0.483030	         0.548610	         0.408770	         0.405540	         0.583410	         0.785960	         0.435760	         0.444760	
            25.60	         0.487370	         0.546610	         0.408420	         0.403710	         0.600670	         0.803030	         0.441060	         0.450130	
            25.70	         0.492210	         0.545250	         0.408700	         0.402490	         0.618120	         0.820050	         0.446860	         0.455980	
            25.80	         0.497520	         0.544490	         0.409570	         0.401840	         0.635740	         0.837010	         0.453120	         0.462290	
            25.90	         0.503290	         0.544330	         0.411030	         0.401740	         0.653510	         0.853900	         0.459830	         0.469030	
            26.00	         0.509480	         0.544730	         0.413050	         0.402180	         0.671420	         0.870710	         0.466970	         0.476180	
            26.10	         0.516070	         0.545680	         0.415600	         0.403140	         0.689460	         0.887410	         0.474510	         0.483720	
            26.20	         0.523060	         0.547150	         0.418660	         0.404580	         0.707590	         0.904020	         0.482440	         0.491630	
            26.30	         0.530410	         0.549120	         0.422210	         0.406490	         0.725810	         0.920500	         0.490720	         0.499880	
            26.40	         0.538110	         0.551570	         0.426240	         0.408860	         0.744090	         0.936850	         0.499360	         0.508470	
            26.50	         0.546140	         0.554480	         0.430710	         0.411650	         0.762420	         0.953070	         0.508310	         0.517370	
            26.60	         0.554470	         0.557830	         0.435620	         0.414850	         0.780790	         0.969130	         0.517570	         0.526550	
            26.70	         0.563090	         0.561590	         0.440920	         0.418440	         0.799180	         0.985040	         0.527110	         0.536010	
            26.80	         0.571970	         0.565750	         0.446620	         0.422400	         0.817570	         1.000800	         0.536910	         0.545710	
            26.90	         0.581110	         0.570280	         0.452680	         0.426710	         0.835940	         1.016300	         0.546960	         0.555650	
            27.00	         0.590480	         0.575170	         0.459090	         0.431350	         0.854290	         1.031700	         0.557240	         0.565800	
            27.10	         0.600060	         0.580400	         0.465820	         0.436310	         0.872600	         1.046900	         0.567720	         0.576150	
            27.20	         0.609830	         0.585940	         0.472870	         0.441550	         0.890840	         1.061900	         0.578400	         0.586670	
            27.30	         0.619780	         0.591790	         0.480200	         0.447080	         0.909020	         1.076600	         0.589240	         0.597360	
            27.40	         0.629890	         0.597910	         0.487800	         0.452860	         0.927100	         1.091200	         0.600240	         0.608190	
            27.50	         0.640150	         0.604290	         0.495660	         0.458880	         0.945090	         1.105500	         0.611380	         0.619140	
            27.60	         0.650530	         0.610920	         0.503750	         0.465130	         0.962970	         1.119600	         0.622650	         0.630200	
            27.70	         0.661020	         0.617770	         0.512050	         0.471580	         0.980720	         1.133400	         0.634010	         0.641360	
            27.80	         0.671600	         0.624830	         0.520550	         0.478220	         0.998330	         1.147000	         0.645470	         0.652590	
            27.90	         0.682260	         0.632080	         0.529240	         0.485040	         1.015800	         1.160300	         0.657000	         0.663890	
            28.00	         0.692990	         0.639500	         0.538090	         0.492010	         1.033100	         1.173400	         0.668580	         0.675230	
            28.10	         0.703760	         0.647090	         0.547090	         0.499130	         1.050200	         1.186200	         0.680210	         0.686610	
            28.20	         0.714570	         0.654810	         0.556220	         0.506380	         1.067100	         1.198700	         0.691870	         0.698000	
            28.30	         0.725400	         0.662660	         0.565470	         0.513730	         1.083900	         1.211000	         0.703540	         0.709390	
            28.40	         0.736230	         0.670620	         0.574820	         0.521190	         1.100400	         1.222900	         0.715210	         0.720780	
            28.50	         0.747050	         0.678680	         0.584260	         0.528720	         1.116700	         1.234600	         0.726860	         0.732140	
            28.60	         0.757850	         0.686810	         0.593770	         0.536330	         1.132800	         1.245900	         0.738490	         0.743460	
            28.70	         0.768620	         0.695020	         0.603340	         0.543990	         1.148700	         1.257000	         0.750070	         0.754730	
            28.80	         0.779340	         0.703270	         0.612950	         0.551700	         1.164300	         1.267800	         0.761600	         0.765940	
            28.90	         0.789990	         0.711570	         0.622590	         0.559430	         1.179600	         1.278200	         0.773070	         0.777070	
            29.00	         0.800580	         0.719880	         0.632240	         0.567190	         1.194700	         1.288400	         0.784460	         0.788120	
            29.10	         0.811090	         0.728210	         0.641900	         0.574940	         1.209500	         1.298200	         0.795750	         0.799070	
            29.20	         0.821490	         0.736540	         0.651550	         0.582690	         1.224000	         1.307700	         0.806950	         0.809900	
            29.30	         0.831800	         0.744860	         0.661170	         0.590420	         1.238200	         1.316900	         0.818030	         0.820620	
            29.40	         0.841980	         0.753150	         0.670760	         0.598120	         1.252200	         1.325700	         0.828990	         0.831210	
            29.50	         0.852040	         0.761400	         0.680300	         0.605770	         1.265800	         1.334200	         0.839820	         0.841650	
            29.60	         0.861970	         0.769600	         0.689790	         0.613380	         1.279100	         1.342400	         0.850500	         0.851950	
            29.70	         0.871740	         0.777740	         0.699210	         0.620920	         1.292100	         1.350300	         0.861030	         0.862080	
            29.80	         0.881360	         0.785810	         0.708540	         0.628380	         1.304800	         1.357800	         0.871400	         0.872050	
            29.90	         0.890820	         0.793800	         0.717790	         0.635770	         1.317200	         1.364900	         0.881590	         0.881830	
            30.00	         0.900100	         0.801700	         0.726930	         0.643060	         1.329200	         1.371800	         0.891600	         0.891430	
            30.10	         0.909200	         0.809490	         0.735970	         0.650260	         1.340800	         1.378300	         0.901430	         0.900830	
            30.20	         0.918110	         0.817180	         0.744880	         0.657340	         1.352200	         1.384400	         0.911050	         0.910030	
            30.30	         0.926820	         0.824740	         0.753670	         0.664300	         1.363100	         1.390200	         0.920470	         0.919020	
            30.40	         0.935330	         0.832170	         0.762320	         0.671140	         1.373700	         1.395700	         0.929680	         0.927780	
            30.50	         0.943630	         0.839470	         0.770820	         0.677840	         1.384000	         1.400800	         0.938670	         0.936330	
            30.60	         0.951700	         0.846620	         0.779170	         0.684400	         1.393900	         1.405600	         0.947430	         0.944640	
            30.70	         0.959550	         0.853610	         0.787350	         0.690810	         1.403400	         1.410000	         0.955950	         0.952710	
            30.80	         0.967170	         0.860450	         0.795360	         0.697060	         1.412600	         1.414000	         0.964240	         0.960540	
            30.90	         0.974550	         0.867110	         0.803200	         0.703150	         1.421300	         1.417800	         0.972280	         0.968120	
            31.00	         0.981690	         0.873600	         0.810850	         0.709070	         1.429700	         1.421200	         0.980070	         0.975450	
            31.10	         0.988580	         0.879900	         0.818310	         0.714820	         1.437800	         1.424200	         0.987600	         0.982510	
            31.20	         0.995210	         0.886020	         0.825570	         0.720380	         1.445400	         1.426900	         0.994870	         0.989310	
            31.30	         1.001600	         0.891930	         0.832620	         0.725760	         1.452600	         1.429200	         1.001900	         0.995840	
            31.40	         1.007700	         0.897650	         0.839470	         0.730950	         1.459500	         1.431200	         1.008600	         1.002100	
            31.50	         1.013500	         0.903160	         0.846100	         0.735930	         1.466000	         1.432900	         1.015100	         1.008100	
            31.60	         1.019100	         0.908460	         0.852510	         0.740720	         1.472100	         1.434200	         1.021200	         1.013800	
            31.70	         1.024400	         0.913540	         0.858690	         0.745300	         1.477800	         1.435200	         1.027100	         1.019200	
            31.80	         1.029400	         0.918400	         0.864650	         0.749670	         1.483100	         1.435800	         1.032700	         1.024300	
            31.90	         1.034200	         0.923030	         0.870370	         0.753830	         1.488000	         1.436100	         1.038100	         1.029100	
            32.00	         1.038600	         0.927430	         0.875850	         0.757770	         1.492500	         1.436100	         1.043100	         1.033700	
            32.10	         1.042800	         0.931600	         0.881080	         0.761490	         1.496700	         1.435800	         1.047800	         1.037900	
            32.20	         1.046700	         0.935530	         0.886070	         0.764980	         1.500400	         1.435100	         1.052300	         1.041800	
            32.30	         1.050300	         0.939220	         0.890820	         0.768250	         1.503700	         1.434100	         1.056400	         1.045500	
            32.40	         1.053600	         0.942660	         0.895300	         0.771290	         1.506700	         1.432700	         1.060200	         1.048800	
            32.50	         1.056600	         0.945860	         0.899540	         0.774100	         1.509300	         1.431100	         1.063800	         1.051900	
            32.60	         1.059300	         0.948810	         0.903510	         0.776670	         1.511500	         1.429100	         1.067000	         1.054600	
            32.70	         1.061800	         0.951500	         0.907220	         0.779010	         1.513300	         1.426800	         1.069900	         1.057000	
            32.80	         1.063900	         0.953940	         0.910680	         0.781110	         1.514700	         1.424200	         1.072500	         1.059100	
            32.90	         1.065700	         0.956130	         0.913860	         0.782970	         1.515700	         1.421300	         1.074800	         1.061000	
            33.00	         1.067200	         0.958060	         0.916780	         0.784600	         1.516300	         1.418100	         1.076900	         1.062500	
            33.10	         1.068500	         0.959730	         0.919440	         0.785980	         1.516600	         1.414600	         1.078600	         1.063700	
            33.20	         1.069400	         0.961140	         0.921820	         0.787130	         1.516500	         1.410800	         1.079900	         1.064600	
            33.30	         1.070000	         0.962290	         0.923940	         0.788030	         1.516000	         1.406700	         1.081000	         1.065200	
            33.40	         1.070400	         0.963170	         0.925790	         0.788690	         1.515100	         1.402300	         1.081800	         1.065500	
            33.50	         1.070400	         0.963800	         0.927360	         0.789110	         1.513900	         1.397600	         1.082300	         1.065500	
            33.60	         1.070200	         0.964160	         0.928670	         0.789290	         1.512200	         1.392700	         1.082500	         1.065200	
            33.70	         1.069600	         0.964270	         0.929710	         0.789230	         1.510300	         1.387400	         1.082300	         1.064600	
            33.80	         1.068800	         0.964110	         0.930470	         0.788930	         1.507900	         1.381900	         1.081900	         1.063600	
            33.90	         1.067700	         0.963690	         0.930970	         0.788380	         1.505200	         1.376100	         1.081200	         1.062400	
            34.00	         1.066300	         0.963010	         0.931190	         0.787610	         1.502200	         1.370100	         1.080100	         1.060900	
            34.10	         1.064600	         0.962070	         0.931150	         0.786590	         1.498800	         1.363800	         1.078800	         1.059200	
            34.20	         1.062600	         0.960870	         0.930840	         0.785340	         1.495100	         1.357200	         1.077200	         1.057100	
            34.30	         1.060300	         0.959410	         0.930270	         0.783850	         1.491000	         1.350400	         1.075300	         1.054700	
            34.40	         1.057800	         0.957700	         0.929430	         0.782130	         1.486500	         1.343300	         1.073100	         1.052000	
            34.50	         1.055000	         0.955730	         0.928330	         0.780180	         1.481800	         1.336000	         1.070600	         1.049100	
            34.60	         1.051900	         0.953510	         0.926960	         0.778000	         1.476700	         1.328500	         1.067800	         1.045900	
            34.70	         1.048500	         0.951040	         0.925340	         0.775590	         1.471300	         1.320700	         1.064800	         1.042400	
            34.80	         1.044900	         0.948320	         0.923460	         0.772960	         1.465500	         1.312700	         1.061500	         1.038600	
            34.90	         1.041000	         0.945350	         0.921320	         0.770110	         1.459500	         1.304500	         1.057900	         1.034600	
            35.00	         1.036800	         0.942140	         0.918930	         0.767040	         1.453100	         1.296100	         1.054000	         1.030300	
            35.10	         1.032400	         0.938690	         0.916290	         0.763750	         1.446400	         1.287400	         1.049900	         1.025700	
            35.20	         1.027700	         0.935000	         0.913400	         0.760250	         1.439500	         1.278500	         1.045500	         1.020900	
            35.30	         1.022800	         0.931080	         0.910270	         0.756540	         1.432200	         1.269500	         1.040800	         1.015800	
            35.40	         1.017600	         0.926920	         0.906890	         0.752620	         1.424600	         1.260200	         1.035900	         1.010500	
            35.50	         1.012200	         0.922530	         0.903280	         0.748500	         1.416800	         1.250800	         1.030700	         1.004900	
            35.60	         1.006600	         0.917910	         0.899430	         0.744180	         1.408600	         1.241100	         1.025300	         0.999090	
            35.70	         1.000700	         0.913070	         0.895350	         0.739660	         1.400200	         1.231300	         1.019600	         0.993040	
            35.80	         0.994570	         0.908010	         0.891040	         0.734940	         1.391600	         1.221300	         1.013700	         0.986750	
            35.90	         0.988230	         0.902740	         0.886500	         0.730040	         1.382600	         1.211100	         1.007600	         0.980240	
            36.00	         0.981670	         0.897250	         0.881750	         0.724950	         1.373400	         1.200800	         1.001200	         0.973500	
            36.10	         0.974900	         0.891560	         0.876770	         0.719680	         1.364000	         1.190300	         0.994630	         0.966540	
            36.20	         0.967920	         0.885660	         0.871590	         0.714230	         1.354300	         1.179600	         0.987810	         0.959370	
            36.30	         0.960720	         0.879560	         0.866190	         0.708610	         1.344400	         1.168900	         0.980790	         0.951990	
            36.40	         0.953330	         0.873260	         0.860590	         0.702820	         1.334200	         1.157900	         0.973550	         0.944410	
            36.50	         0.945740	         0.866770	         0.854780	         0.696860	         1.323800	         1.146800	         0.966100	         0.936620	
            36.60	         0.937960	         0.860090	         0.848780	         0.690740	         1.313200	         1.135600	         0.958460	         0.928650	
            36.70	         0.930000	         0.853230	         0.842590	         0.684470	         1.302400	         1.124300	         0.950620	         0.920490	
            36.80	         0.921850	         0.846200	         0.836200	         0.678050	         1.291300	         1.112800	         0.942590	         0.912140	
            36.90	         0.913530	         0.838980	         0.829640	         0.671470	         1.280100	         1.101200	         0.934380	         0.903620	
            37.00	         0.905040	         0.831600	         0.822890	         0.664760	         1.268700	         1.089500	         0.925980	         0.894920	
            37.10	         0.896380	         0.824050	         0.815980	         0.657910	         1.257000	         1.077700	         0.917420	         0.886060	
            37.20	         0.887570	         0.816350	         0.808890	         0.650920	         1.245200	         1.065800	         0.908680	         0.877040	
            37.30	         0.878600	         0.808490	         0.801640	         0.643810	         1.233200	         1.053800	         0.899780	         0.867870	
            37.40	         0.869480	         0.800470	         0.794220	         0.636570	         1.221000	         1.041800	         0.890730	         0.858540	
            37.50	         0.860220	         0.792320	         0.786660	         0.629220	         1.208700	         1.029600	         0.881520	         0.849080	
            37.60	         0.850830	         0.784020	         0.778940	         0.621750	         1.196200	         1.017300	         0.872170	         0.839470	
            37.70	         0.841300	         0.775590	         0.771080	         0.614170	         1.183600	         1.005000	         0.862670	         0.829740	
            37.80	         0.831650	         0.767030	         0.763080	         0.606490	         1.170800	         0.992600	         0.853040	         0.819870	
            37.90	         0.821870	         0.758340	         0.754940	         0.598710	         1.157900	         0.980140	         0.843290	         0.809890	
            38.00	         0.811990	         0.749530	         0.746680	         0.590840	         1.144800	         0.967620	         0.833410	         0.799790	
            38.10	         0.801990	         0.740610	         0.738290	         0.582880	         1.131600	         0.955050	         0.823410	         0.789590	
            38.20	         0.791900	         0.731580	         0.729780	         0.574840	         1.118300	         0.942420	         0.813300	         0.779280	
            38.30	         0.781700	         0.722450	         0.721160	         0.566720	         1.104900	         0.929750	         0.803090	         0.768880	
            38.40	         0.771420	         0.713220	         0.712430	         0.558520	         1.091300	         0.917050	         0.792770	         0.758380	
            38.50	         0.761040	         0.703900	         0.703590	         0.550260	         1.077700	         0.904310	         0.782370	         0.747800	
            38.60	         0.750590	         0.694480	         0.694660	         0.541940	         1.064000	         0.891540	         0.771870	         0.737140	
            38.70	         0.740070	         0.684990	         0.685640	         0.533560	         1.050100	         0.878740	         0.761290	         0.726410	
            38.80	         0.729480	         0.675420	         0.676530	         0.525130	         1.036200	         0.865930	         0.750640	         0.715610	
            38.90	         0.718830	         0.665770	         0.667330	         0.516650	         1.022200	         0.853100	         0.739910	         0.704750	
            39.00	         0.708120	         0.656060	         0.658070	         0.508130	         1.008200	         0.840260	         0.729120	         0.693840	
            39.10	         0.697360	         0.646290	         0.648720	         0.499570	         0.994070	         0.827410	         0.718270	         0.682870	
            39.20	         0.686550	         0.636460	         0.639320	         0.490980	         0.979900	         0.814560	         0.707370	         0.671860	
            39.30	         0.675710	         0.626590	         0.629850	         0.482360	         0.965670	         0.801720	         0.696420	         0.660820	
            39.40	         0.664830	         0.616670	         0.620330	         0.473730	         0.951390	         0.788890	         0.685430	         0.649740	
            39.50	         0.653920	         0.606700	         0.610760	         0.465080	         0.937070	         0.776070	         0.674400	         0.638630	
            39.60	         0.643000	         0.596710	         0.601140	         0.456410	         0.922720	         0.763260	         0.663340	         0.627510	
            39.70	         0.632050	         0.586690	         0.591490	         0.447750	         0.908340	         0.750480	         0.652260	         0.616360	
            39.80	         0.621100	         0.576640	         0.581800	         0.439080	         0.893940	         0.737720	         0.641160	         0.605210	
            39.90	         0.610140	         0.566570	         0.572080	         0.430410	         0.879520	         0.724990	         0.630050	         0.594060	
            40.00	         0.599180	         0.556490	         0.562340	         0.421750	         0.865090	         0.712290	         0.618930	         0.582910	
            40.10	         0.588220	         0.546410	         0.552570	         0.413110	         0.850650	         0.699640	         0.607800	         0.571760	
            40.20	         0.577280	         0.536320	         0.542800	         0.404490	         0.836220	         0.687020	         0.596680	         0.560630	
            40.30	         0.566350	         0.526230	         0.533020	         0.395890	         0.821790	         0.674450	         0.585570	         0.549520	
            40.40	         0.555450	         0.516150	         0.523230	         0.387320	         0.807370	         0.661930	         0.574470	         0.538430	
            40.50	         0.544570	         0.506080	         0.513450	         0.378780	         0.792960	         0.649470	         0.563390	         0.527370	
            40.60	         0.533720	         0.496040	         0.503680	         0.370280	         0.778580	         0.637060	         0.552340	         0.516340	
            40.70	         0.522910	         0.486010	         0.493910	         0.361830	         0.764230	         0.624710	         0.541310	         0.505360	
            40.80	         0.512150	         0.476010	         0.484160	         0.353420	         0.749910	         0.612430	         0.530330	         0.494410	
            40.90	         0.501430	         0.466050	         0.474440	         0.345060	         0.735630	         0.600210	         0.519380	         0.483520	
            41.00	         0.490760	         0.456120	         0.464740	         0.336760	         0.721390	         0.588070	         0.508480	         0.472690	
            41.10	         0.480150	         0.446230	         0.455080	         0.328520	         0.707200	         0.576000	         0.497620	         0.461910	
            41.20	         0.469610	         0.436390	         0.445440	         0.320340	         0.693060	         0.564010	         0.486830	         0.451200	
            41.30	         0.459130	         0.426610	         0.435860	         0.312240	         0.678980	         0.552100	         0.476090	         0.440550	
            41.40	         0.448720	         0.416880	         0.426310	         0.304210	         0.664970	         0.540280	         0.465420	         0.429990	
            41.50	         0.438390	         0.407210	         0.416820	         0.296250	         0.651020	         0.528540	         0.454810	         0.419500	
            41.60	         0.428140	         0.397600	         0.407380	         0.288380	         0.637140	         0.516890	         0.444290	         0.409090	
            41.70	         0.417970	         0.388070	         0.398000	         0.280600	         0.623340	         0.505340	         0.433840	         0.398770	
            41.80	         0.407900	         0.378610	         0.388680	         0.272900	         0.609620	         0.493890	         0.423470	         0.388550	
            41.90	         0.397920	         0.369230	         0.379430	         0.265300	         0.595990	         0.482530	         0.413200	         0.378420	
            42.00	         0.388040	         0.359930	         0.370260	         0.257800	         0.582440	         0.471280	         0.403010	         0.368400	
            42.10	         0.378260	         0.350720	         0.361150	         0.250400	         0.569000	         0.460130	         0.392920	         0.358480	
            42.20	         0.368590	         0.341600	         0.352130	         0.243110	         0.555650	         0.449090	         0.382940	         0.348670	
            42.30	         0.359040	         0.332580	         0.343200	         0.235930	         0.542400	         0.438150	         0.373060	         0.338980	
            42.40	         0.349590	         0.323660	         0.334350	         0.228850	         0.529260	         0.427330	         0.363280	         0.329400	
            42.50	         0.340270	         0.314840	         0.325600	         0.221900	         0.516230	         0.416630	         0.353630	         0.319950	
            42.60	         0.331070	         0.306130	         0.316940	         0.215060	         0.503310	         0.406040	         0.344080	         0.310620	
            42.70	         0.321990	         0.297520	         0.308380	         0.208350	         0.490520	         0.395570	         0.334660	         0.301420	
            42.80	         0.313050	         0.289040	         0.299930	         0.201770	         0.477840	         0.385220	         0.325370	         0.292360	
            42.90	         0.304240	         0.280670	         0.291580	         0.195310	         0.465290	         0.375000	         0.316200	         0.283430	
            43.00	         0.295570	         0.272420	         0.283340	         0.188990	         0.452870	         0.364900	         0.307170	         0.274640	
            43.10	         0.287040	         0.264300	         0.275220	         0.182800	         0.440580	         0.354930	         0.298270	         0.266000	
            43.20	         0.278650	         0.256310	         0.267220	         0.176760	         0.428430	         0.345080	         0.289510	         0.257500	
            43.30	         0.270410	         0.248450	         0.259340	         0.170850	         0.416420	         0.335370	         0.280890	         0.249160	
            43.40	         0.262320	         0.240730	         0.251580	         0.165090	         0.404540	         0.325790	         0.272410	         0.240960	
            43.50	         0.254390	         0.233140	         0.243950	         0.159480	         0.392820	         0.316350	         0.264090	         0.232930	
            43.60	         0.246610	         0.225700	         0.236450	         0.154010	         0.381240	         0.307030	         0.255920	         0.225050	
            43.70	         0.238990	         0.218400	         0.229080	         0.148700	         0.369810	         0.297860	         0.247900	         0.217340	
            43.80	         0.231530	         0.211250	         0.221850	         0.143550	         0.358530	         0.288830	         0.240040	         0.209790	
            43.90	         0.224240	         0.204250	         0.214760	         0.138550	         0.347420	         0.279930	         0.232340	         0.202410	
            44.00	         0.217120	         0.197400	         0.207810	         0.133710	         0.336460	         0.271180	         0.224800	         0.195200	
            44.10	         0.210170	         0.190710	         0.201010	         0.129030	         0.325660	         0.262560	         0.217430	         0.188170	
            44.20	         0.203390	         0.184180	         0.194360	         0.124520	         0.315020	         0.254090	         0.210230	         0.181310	
            44.30	         0.196780	         0.177800	         0.187850	         0.120170	         0.304550	         0.245770	         0.203200	         0.174630	
            44.40	         0.190350	         0.171590	         0.181500	         0.115990	         0.294250	         0.237590	         0.196340	         0.168120	
            44.50	         0.184100	         0.165550	         0.175300	         0.111980	         0.284120	         0.229560	         0.189650	         0.161800	
            44.60	         0.178040	         0.159670	         0.169260	         0.108140	         0.274170	         0.221670	         0.183150	         0.155670	
            44.70	         0.172150	         0.153970	         0.163370	         0.104480	         0.264380	         0.213930	         0.176820	         0.149720	
            44.80	         0.166450	         0.148440	         0.157650	         0.100990	         0.254780	         0.206340	         0.170670	         0.143960	
            44.90	         0.160940	         0.143080	         0.152100	         0.097674	         0.245350	         0.198900	         0.164710	         0.138390	
